0	0.062625
1	0.066625
2	0.0683125
3	0.0754375
4	0.081625
5	0.0876875
6	0.09525
7	0.1021875
8	0.104875
9	0.1106875
10	0.11475
11	0.1225
12	0.126625
13	0.13125
14	0.1356875
15	0.1405625
16	0.141375
17	0.1494375
18	0.156375
19	0.1599375
20	0.1666875
21	0.168625
22	0.1725
23	0.1769375
24	0.1806875
25	0.1841875
26	0.186
27	0.1895625
28	0.1988125
29	0.1991875
30	0.2005
31	0.2063125
32	0.206125
33	0.211375
34	0.2155
35	0.221625
36	0.2246875
37	0.226
38	0.224625
39	0.228
40	0.2328125
41	0.231875
42	0.235375
43	0.2401875
44	0.2419375
45	0.2431875
46	0.247625
47	0.2494375
48	0.2534375
49	0.254875
50	0.254875
51	0.2611875
52	0.2580625
53	0.26275
54	0.262625
55	0.264375
56	0.2659375
57	0.268375
58	0.27
59	0.2696875
60	0.2685
61	0.2714375
62	0.2728125
63	0.2771875
64	0.2765
65	0.281875
66	0.2809375
67	0.2820625
68	0.283125
69	0.28625
70	0.288875
71	0.288875
72	0.2930625
73	0.298
74	0.296125
75	0.2973125
76	0.3016875
77	0.30125
78	0.301625
79	0.3018125
80	0.3064375
81	0.3099375
82	0.31325
83	0.3134375
84	0.3176875
85	0.3189375
86	0.3223125
87	0.3226875
88	0.32375
89	0.325375
90	0.3236875
91	0.3235625
92	0.326
93	0.3285
94	0.33
95	0.3324375
96	0.3355625
97	0.334625
98	0.335
99	0.337
100	0.341375
101	0.3455625
102	0.34425
103	0.347625
104	0.349375
105	0.3509375
106	0.3486875
107	0.353625
108	0.3508125
109	0.353625
110	0.3538125
111	0.3558125
112	0.3590625
113	0.3619375
114	0.359625
115	0.36425
116	0.36225
117	0.3636875
118	0.365625
119	0.3715625
120	0.37225
121	0.3721875
122	0.3730625
123	0.372625
124	0.373125
125	0.373125
126	0.3716875
127	0.375375
128	0.381625
129	0.3818125
130	0.38225
131	0.3820625
132	0.3828125
133	0.3836875
134	0.3809375
135	0.382125
136	0.3835
137	0.3829375
138	0.38625
139	0.38875
140	0.39075
141	0.3921875
142	0.3919375
143	0.3905
144	0.39025
145	0.392625
146	0.3930625
147	0.3935
148	0.3969375
149	0.3944375
150	0.3955625
151	0.3976875
152	0.3970625
153	0.397875
154	0.3971875
155	0.39575
156	0.3975625
157	0.4015
158	0.4036875
159	0.4054375
160	0.4055
161	0.4075
162	0.408875
163	0.4076875
164	0.4114375
165	0.4103125
166	0.4103125
167	0.4109375
168	0.4105625
169	0.4103125
170	0.413375
171	0.415375
172	0.41275
173	0.413125
174	0.4165
175	0.4176875
176	0.418
177	0.41925
178	0.419
179	0.419625
180	0.419625
181	0.4221875
182	0.425875
183	0.42225
184	0.42425
185	0.424375
186	0.422875
187	0.421625
188	0.4216875
189	0.4209375
190	0.4226875
191	0.422
192	0.422625
193	0.42575
194	0.4281875
195	0.426875
196	0.43125
197	0.4286875
198	0.4304375
199	0.4279375
200	0.4306875
201	0.429875
202	0.43
203	0.4306875
204	0.429875
205	0.4345
206	0.4318125
207	0.4351875
208	0.43675
209	0.43925
210	0.4376875
211	0.4403125
212	0.439375
213	0.4386875
214	0.4393125
215	0.4395625
216	0.4415
217	0.44325
218	0.441875
219	0.4445
220	0.443625
221	0.446125
222	0.446375
223	0.446375
224	0.4456875
225	0.445125
226	0.443625
227	0.4459375
228	0.44475
229	0.44775
230	0.4454375
231	0.4483125
232	0.448375
233	0.447
234	0.449
235	0.4485625
236	0.447625
237	0.44475
238	0.4435
239	0.4441875
240	0.4451875
241	0.4476875
242	0.4455
243	0.4465625
244	0.4486875
245	0.447125
246	0.44975
247	0.451125
248	0.4498125
249	0.4494375
250	0.4483125
251	0.4503125
252	0.45225
253	0.4523125
254	0.45575
255	0.4565
256	0.453375
257	0.4516875
258	0.453375
259	0.4545
260	0.4524375
261	0.4539375
262	0.455375
263	0.4565
264	0.4601875
265	0.46
266	0.4605625
267	0.4605625
268	0.46275
269	0.4608125
270	0.462125
271	0.46325
272	0.462125
273	0.4610625
274	0.4608125
275	0.4603125
276	0.456625
277	0.45875
278	0.458875
279	0.4598125
280	0.45825
281	0.45775
282	0.460875
283	0.4616875
284	0.464375
285	0.46625
286	0.463625
287	0.466
288	0.464875
289	0.467625
290	0.4659375
291	0.4639375
292	0.462875
293	0.46275
294	0.4618125
295	0.4670625
296	0.466875
297	0.4705625
298	0.4705
299	0.47
300	0.4720625
301	0.47175
302	0.471875
303	0.4710625
304	0.46875
305	0.4685
306	0.4703125
307	0.4684375
308	0.467625
309	0.4688125
310	0.4694375
311	0.47175
312	0.4710625
313	0.4729375
314	0.4699375
315	0.4731875
316	0.474875
317	0.4716875
318	0.4744375
319	0.4721875
320	0.47575
321	0.4731875
322	0.473
323	0.4721875
324	0.4726875
325	0.473875
326	0.47225
327	0.4721875
328	0.47375
329	0.474875
330	0.475375
331	0.47525
332	0.4745625
333	0.4729375
334	0.4745
335	0.47425
336	0.475875
337	0.477
338	0.4743125
339	0.475625
340	0.4774375
341	0.4786875
342	0.477375
343	0.473375
344	0.47525
345	0.4758125
346	0.4785625
347	0.479125
348	0.4753125
349	0.4775625
350	0.4806875
351	0.48
352	0.4818125
353	0.480875
354	0.4825625
355	0.482375
356	0.48025
357	0.4831875
358	0.481625
359	0.4816875
360	0.4833125
361	0.4855
362	0.4803125
363	0.48575
364	0.481375
365	0.481375
366	0.481875
367	0.482125
368	0.4829375
369	0.48325
370	0.48425
371	0.4816875
372	0.482625
373	0.4843125
374	0.48575
375	0.48725
376	0.48725
377	0.4863125
378	0.4866875
379	0.486875
380	0.4866875
381	0.486625
382	0.4881875
383	0.4895625
384	0.488875
385	0.492875
386	0.4905625
387	0.4924375
388	0.49375
389	0.492625
390	0.4940625
391	0.4965
392	0.495
393	0.4964375
394	0.4956875
395	0.4950625
396	0.49575
397	0.4989375
398	0.49875
399	0.499375
400	0.4968125
401	0.4986875
402	0.4979375
403	0.49775
404	0.496875
405	0.49775
406	0.4971875
407	0.496875
408	0.495875
409	0.49875
410	0.4978125
411	0.49625
412	0.499625
413	0.4991875
414	0.501125
415	0.499875
416	0.4994375
417	0.50025
418	0.497375
419	0.4991875
420	0.5005
421	0.499375
422	0.5021875
423	0.504375
424	0.5008125
425	0.5015625
426	0.5041875
427	0.5028125
428	0.5026875
429	0.501625
430	0.50175
431	0.496375
432	0.498625
433	0.4979375
434	0.49925
435	0.500375
436	0.501625
437	0.498125
438	0.5003125
439	0.4981875
440	0.494375
441	0.4966875
442	0.4955
443	0.4984375
444	0.4983125
445	0.499375
446	0.50075
447	0.5015625
448	0.499625
449	0.5003125
450	0.5010625
451	0.50175
452	0.5044375
453	0.506375
454	0.503625
455	0.503125
456	0.5050625
457	0.5048125
458	0.505875
459	0.5080625
460	0.508875
461	0.5094375
462	0.507
463	0.50725
464	0.5074375
465	0.5079375
466	0.505
467	0.5045
468	0.50675
469	0.5084375
470	0.5083125
471	0.507375
472	0.508
473	0.505875
474	0.5073125
475	0.5086875
476	0.506125
477	0.507625
478	0.5085
479	0.50825
480	0.5098125
481	0.5105
482	0.5091875
483	0.5088125
484	0.5109375
485	0.511
486	0.5115625
487	0.5114375
488	0.5113125
489	0.512125
490	0.5119375
491	0.51
492	0.510625
493	0.511375
494	0.51
495	0.51225
496	0.51375
497	0.5158125
498	0.5149375
499	0.5125
500	0.5114375
501	0.508875
502	0.50975
503	0.509625
504	0.51075
505	0.5118125
506	0.511625
507	0.5134375
508	0.5135
509	0.509875
510	0.5134375
511	0.5121875
512	0.5134375
513	0.5135
514	0.5129375
515	0.512625
516	0.511125
517	0.513375
518	0.5156875
519	0.5113125
520	0.512
521	0.511875
522	0.5115625
523	0.5121875
524	0.513625
525	0.5134375
526	0.515625
527	0.51425
528	0.514875
529	0.5131875
530	0.5143125
531	0.512
532	0.5118125
533	0.5150625
534	0.513375
535	0.5148125
536	0.5136875
537	0.51425
538	0.51475
539	0.5175625
540	0.5170625
541	0.517125
542	0.516
543	0.516625
544	0.5159375
545	0.5165
546	0.5151875
547	0.51375
548	0.51475
549	0.5154375
550	0.51575
551	0.5125
552	0.5149375
553	0.514125
554	0.512375
555	0.513625
556	0.5168125
557	0.515125
558	0.5151875
559	0.5136875
560	0.515625
561	0.516
562	0.5148125
563	0.514125
564	0.5143125
565	0.5126875
566	0.5149375
567	0.516625
568	0.5171875
569	0.516625
570	0.5176875
571	0.5179375
572	0.5150625
573	0.5175
574	0.5153125
575	0.515625
576	0.5180625
577	0.5171875
578	0.5175625
579	0.5153125
580	0.51675
581	0.518125
582	0.517125
583	0.5181875
584	0.519375
585	0.517375
586	0.520375
587	0.5206875
588	0.522375
589	0.5223125
590	0.5205625
591	0.520875
592	0.5199375
593	0.517
594	0.520125
595	0.52075
596	0.5238125
597	0.5250625
598	0.5275
599	0.5251875
600	0.5235625
601	0.5228125
602	0.52175
603	0.5196875
604	0.522875
605	0.5210625
606	0.521375
607	0.5245625
608	0.5238125
609	0.5248125
610	0.52575
611	0.526375
612	0.5298125
613	0.5270625
614	0.526
615	0.5258125
616	0.5239375
617	0.525
618	0.52675
619	0.527625
620	0.5274375
621	0.526375
622	0.5283125
623	0.528625
624	0.531
625	0.531375
626	0.5316875
627	0.5318125
628	0.533125
629	0.5315625
630	0.529375
631	0.53175
632	0.52775
633	0.528625
634	0.528875
635	0.5266875
636	0.527375
637	0.52575
638	0.5249375
639	0.524875
640	0.524
641	0.5218125
642	0.5216875
643	0.52725
644	0.5274375
645	0.5273125
646	0.5245
647	0.5250625
648	0.52525
649	0.52575
650	0.526375
651	0.52825
652	0.528625
653	0.529375
654	0.52975
655	0.5283125
656	0.5293125
657	0.52925
658	0.5315
659	0.5320625
660	0.529375
661	0.5301875
662	0.528375
663	0.5269375
664	0.5244375
665	0.527625
666	0.528
667	0.529
668	0.5284375
669	0.52725
670	0.5250625
671	0.5253125
672	0.5265
673	0.5256875
674	0.5250625
675	0.5251875
676	0.5248125
677	0.5244375
678	0.527
679	0.52675
680	0.53
681	0.5295
682	0.527
683	0.526875
684	0.528375
685	0.5283125
686	0.5249375
687	0.525125
688	0.526375
689	0.52475
690	0.526875
691	0.5275
692	0.5263125
693	0.52775
694	0.5260625
695	0.5238125
696	0.5261875
697	0.5279375
698	0.5288125
699	0.5284375
700	0.5293125
701	0.528875
702	0.53075
703	0.5304375
704	0.5303125
705	0.531625
706	0.5295
707	0.5285625
708	0.5281875
709	0.5278125
710	0.528125
711	0.5280625
712	0.530875
713	0.5265625
714	0.528375
715	0.530375
716	0.5331875
717	0.533875
718	0.533875
719	0.5350625
720	0.5343125
721	0.533625
722	0.5330625
723	0.5353125
724	0.5355625
725	0.5365625
726	0.539375
727	0.538625
728	0.5378125
729	0.536875
730	0.53875
731	0.5391875
732	0.5404375
733	0.5414375
734	0.544
735	0.5465
736	0.5441875
737	0.5439375
738	0.546375
739	0.5471875
740	0.545125
741	0.546125
742	0.54475
743	0.5448125
744	0.5419375
745	0.5398125
746	0.5405
747	0.5391875
748	0.5400625
749	0.540375
750	0.5410625
751	0.539
752	0.5395625
753	0.5409375
754	0.5424375
755	0.5425625
756	0.542375
757	0.542125
758	0.542875
759	0.5418125
760	0.5443125
761	0.543875
762	0.5453125
763	0.5445625
764	0.54575
765	0.5459375
766	0.54625
767	0.5445
768	0.5460625
769	0.546125
770	0.5428125
771	0.54275
772	0.54225
773	0.539625
774	0.5385
775	0.5410625
776	0.53925
777	0.54
778	0.5413125
779	0.5375
780	0.537875
781	0.5385625
782	0.536875
783	0.5370625
784	0.5374375
785	0.5379375
786	0.5365
787	0.5365
788	0.538
789	0.5381875
790	0.5384375
791	0.537875
792	0.540625
793	0.5405625
794	0.5390625
795	0.53875
796	0.5404375
797	0.539875
798	0.539125
799	0.5390625
800	0.5396875
801	0.53925
802	0.5395625
803	0.5425
804	0.542625
805	0.540875
806	0.5456875
807	0.54625
808	0.546125
809	0.5438125
810	0.5435625
811	0.5444375
812	0.5436875
813	0.543625
814	0.54625
815	0.5454375
816	0.54675
817	0.5443125
818	0.54475
819	0.5478125
820	0.547875
821	0.54525
822	0.5449375
823	0.5429375
824	0.54625
825	0.5454375
826	0.5456875
827	0.546375
828	0.5480625
829	0.544625
830	0.5461875
831	0.5459375
832	0.545625
833	0.5444375
834	0.5463125
835	0.548375
836	0.547625
837	0.5465625
838	0.5496875
839	0.5496875
840	0.549125
841	0.549
842	0.5465625
843	0.546875
844	0.5485
845	0.5476875
846	0.5496875
847	0.5498125
848	0.5465
849	0.5454375
850	0.5453125
851	0.54525
852	0.54575
853	0.54625
854	0.54875
855	0.547375
856	0.5479375
857	0.5503125
858	0.54825
859	0.54675
860	0.5480625
861	0.5505625
862	0.549625
863	0.54725
864	0.549875
865	0.54875
866	0.5496875
867	0.5490625
868	0.5511875
869	0.552875
870	0.5545625
871	0.5544375
872	0.5549375
873	0.5528125
874	0.5533125
875	0.552875
876	0.5506875
877	0.5495625
878	0.551
879	0.549375
880	0.5511875
881	0.552125
882	0.5525625
883	0.5514375
884	0.55
885	0.547875
886	0.5479375
887	0.5475625
888	0.5466875
889	0.5480625
890	0.548625
891	0.5479375
892	0.55125
893	0.5510625
894	0.548875
895	0.5505
896	0.550375
897	0.5510625
898	0.5503125
899	0.5525
900	0.552875
901	0.5526875
902	0.554875
903	0.55375
904	0.5539375
905	0.5544375
906	0.5533125
907	0.551875
908	0.5508125
909	0.55125
910	0.5510625
911	0.553875
912	0.5566875
913	0.5554375
914	0.556375
915	0.5543125
916	0.5546875
917	0.554375
918	0.55575
919	0.554375
920	0.5529375
921	0.5516875
922	0.5530625
923	0.553125
924	0.5556875
925	0.5560625
926	0.5541875
927	0.55175
928	0.55375
929	0.55475
930	0.5551875
931	0.5538125
932	0.5550625
933	0.5570625
934	0.558
935	0.5535
936	0.5536875
937	0.556375
938	0.555125
939	0.552625
940	0.5538125
941	0.554625
942	0.5534375
943	0.55525
944	0.556375
945	0.5574375
946	0.553625
947	0.5570625
948	0.5590625
949	0.559
950	0.5586875
951	0.55975
952	0.558875
953	0.558125
954	0.557875
955	0.5583125
956	0.558875
957	0.556875
958	0.558125
959	0.5556875
960	0.5571875
961	0.5596875
962	0.561625
963	0.558625
964	0.55975
965	0.5609375
966	0.5623125
967	0.565375
968	0.564375
969	0.5628125
970	0.564125
971	0.5630625
972	0.564375
973	0.565625
974	0.567625
975	0.56775
976	0.57
977	0.5696875
978	0.571375
979	0.5694375
980	0.571125
981	0.57075
982	0.5694375
983	0.5709375
984	0.5686875
985	0.569625
986	0.569875
987	0.5675
988	0.5691875
989	0.569
990	0.570875
991	0.5696875
992	0.5715
993	0.572625
994	0.570875
995	0.573125
996	0.572375
997	0.5705625
998	0.5716875
999	0.5721875
1000	0.5731875
1001	0.572125
1002	0.5713125
1003	0.573625
1004	0.572875
1005	0.576375
1006	0.5759375
1007	0.575125
1008	0.575
1009	0.5738125
1010	0.575375
1011	0.5755625
1012	0.5733125
1013	0.5743125
1014	0.5759375
1015	0.574125
1016	0.5731875
1017	0.570125
1018	0.5720625
1019	0.571375
1020	0.572875
1021	0.5716875
1022	0.5723125
1023	0.5735625
1024	0.574625
1025	0.5769375
1026	0.5790625
1027	0.5764375
1028	0.5786875
1029	0.5793125
1030	0.5800625
1031	0.5785
1032	0.5779375
1033	0.577875
1034	0.5778125
1035	0.5775625
1036	0.5780625
1037	0.578625
1038	0.5764375
1039	0.57825
1040	0.574875
1041	0.5715625
1042	0.5729375
1043	0.5719375
1044	0.5720625
1045	0.572375
1046	0.572875
1047	0.5716875
1048	0.5729375
1049	0.5739375
1050	0.5753125
1051	0.5745625
1052	0.5741875
1053	0.5765
1054	0.574
1055	0.5775
1056	0.5769375
1057	0.5768125
1058	0.576875
1059	0.5783125
1060	0.5794375
1061	0.5769375
1062	0.5724375
1063	0.572875
1064	0.5731875
1065	0.5771875
1066	0.5735
1067	0.5750625
1068	0.574625
1069	0.572
1070	0.5733125
1071	0.5708125
1072	0.5721875
1073	0.5739375
1074	0.5764375
1075	0.575875
1076	0.573625
1077	0.574
1078	0.5760625
1079	0.5769375
1080	0.57325
1081	0.5741875
1082	0.5735625
1083	0.5720625
1084	0.5731875
1085	0.5725625
1086	0.57375
1087	0.572375
1088	0.5745
1089	0.5748125
1090	0.5753125
1091	0.574875
1092	0.574125
1093	0.5758125
1094	0.5761875
1095	0.5768125
1096	0.5765625
1097	0.5741875
1098	0.574375
1099	0.575875
1100	0.5771875
1101	0.5756875
1102	0.576
1103	0.5760625
1104	0.576375
1105	0.5788125
1106	0.5799375
1107	0.579875
1108	0.5801875
1109	0.582625
1110	0.581625
1111	0.5810625
1112	0.581125
1113	0.586875
1114	0.58225
1115	0.5819375
1116	0.581625
1117	0.5824375
1118	0.584125
1119	0.5845
1120	0.5864375
1121	0.586
1122	0.588125
1123	0.5885
1124	0.591125
1125	0.5903125
1126	0.58925
1127	0.589375
1128	0.587625
1129	0.5870625
1130	0.5865
1131	0.5829375
1132	0.584125
1133	0.580875
1134	0.5800625
1135	0.5796875
1136	0.5803125
1137	0.5815
1138	0.578125
1139	0.5791875
1140	0.579625
1141	0.58025
1142	0.5800625
1143	0.582875
1144	0.583625
1145	0.5833125
1146	0.5823125
1147	0.585875
1148	0.5868125
1149	0.5848125
1150	0.58275
1151	0.5823125
1152	0.5844375
1153	0.584125
1154	0.5845
1155	0.5844375
1156	0.5863125
1157	0.584625
1158	0.5845625
1159	0.5823125
1160	0.583125
1161	0.5833125
1162	0.5831875
1163	0.5836875
1164	0.5830625
1165	0.58375
1166	0.5825
1167	0.5834375
1168	0.585125
1169	0.585875
1170	0.587125
1171	0.586875
1172	0.5865
1173	0.58625
1174	0.5845
1175	0.5876875
1176	0.5875
1177	0.585625
1178	0.58825
1179	0.58725
1180	0.5854375
1181	0.58675
1182	0.581875
1183	0.582625
1184	0.5835
1185	0.582375
1186	0.580875
1187	0.584875
1188	0.5866875
1189	0.58675
1190	0.5860625
1191	0.58525
1192	0.586875
1193	0.584625
1194	0.5854375
1195	0.586875
1196	0.5860625
1197	0.5875
1198	0.5905625
1199	0.5886875
1200	0.5886875
1201	0.587
1202	0.5874375
1203	0.5896875
1204	0.5894375
1205	0.5895625
1206	0.5929375
1207	0.5925
1208	0.5919375
1209	0.5918125
1210	0.5919375
1211	0.5921875
1212	0.590375
1213	0.59025
1214	0.590125
1215	0.590375
1216	0.588625
1217	0.5885
1218	0.587
1219	0.586
1220	0.585125
1221	0.586125
1222	0.5836875
1223	0.5859375
1224	0.5853125
1225	0.5841875
1226	0.5830625
1227	0.5844375
1228	0.582125
1229	0.5838125
1230	0.584625
1231	0.586875
1232	0.58725
1233	0.586875
1234	0.587
1235	0.585125
1236	0.585625
1237	0.5866875
1238	0.5860625
1239	0.5855625
1240	0.58475
1241	0.585375
1242	0.5858125
1243	0.5860625
1244	0.5889375
1245	0.591625
1246	0.5915625
1247	0.592
1248	0.5940625
1249	0.5948125
1250	0.5943125
1251	0.5945625
1252	0.5955
1253	0.5936875
1254	0.5943125
1255	0.5909375
1256	0.5911875
1257	0.5918125
1258	0.5906875
1259	0.5915
1260	0.5923125
1261	0.5926875
1262	0.5929375
1263	0.591875
1264	0.594875
1265	0.5936875
1266	0.5961875
1267	0.5935625
1268	0.592375
1269	0.5894375
1270	0.5890625
1271	0.5873125
1272	0.587375
1273	0.5884375
1274	0.5886875
1275	0.5866875
1276	0.587875
1277	0.5855
1278	0.5841875
1279	0.5856875
1280	0.58475
1281	0.5848125
1282	0.5853125
1283	0.584625
1284	0.5853125
1285	0.5823125
1286	0.5835
1287	0.5823125
1288	0.5815625
1289	0.583625
1290	0.5821875
1291	0.58225
1292	0.5839375
1293	0.5833125
1294	0.5818125
1295	0.5845
1296	0.582
1297	0.58275
1298	0.5830625
1299	0.5823125
1300	0.5856875
1301	0.58475
1302	0.586625
1303	0.587375
1304	0.585
1305	0.5878125
1306	0.5868125
1307	0.592
1308	0.590625
1309	0.59175
1310	0.59225
1311	0.5935625
1312	0.593375
1313	0.5958125
1314	0.596125
1315	0.5966875
1316	0.5955
1317	0.5973125
1318	0.5956875
1319	0.5938125
1320	0.5941875
1321	0.5909375
1322	0.59275
1323	0.589625
1324	0.58875
1325	0.588875
1326	0.58875
1327	0.59025
1328	0.59
1329	0.5925625
1330	0.5904375
1331	0.589
1332	0.5885
1333	0.5910625
1334	0.5905625
1335	0.59025
1336	0.5911875
1337	0.590875
1338	0.587875
1339	0.585875
1340	0.5874375
1341	0.587125
1342	0.5831875
1343	0.5828125
1344	0.5816875
1345	0.582875
1346	0.5848125
1347	0.58425
1348	0.5846875
1349	0.5845625
1350	0.58275
1351	0.5809375
1352	0.5813125
1353	0.5796875
1354	0.5813125
1355	0.58025
1356	0.5780625
1357	0.5785
1358	0.5795
1359	0.5795
1360	0.5833125
1361	0.5804375
1362	0.5793125
1363	0.578125
1364	0.581125
1365	0.582625
1366	0.5829375
1367	0.5810625
1368	0.5844375
1369	0.5846875
1370	0.5841875
1371	0.584125
1372	0.58425
1373	0.580625
1374	0.582
1375	0.583875
1376	0.583375
1377	0.5831875
1378	0.58275
1379	0.5816875
1380	0.581875
1381	0.5789375
1382	0.5790625
1383	0.5834375
1384	0.5828125
1385	0.58475
1386	0.584
1387	0.5864375
1388	0.5854375
1389	0.5856875
1390	0.58575
1391	0.587
1392	0.5865625
1393	0.5861875
1394	0.58625
1395	0.5878125
1396	0.5880625
1397	0.587
1398	0.5863125
1399	0.5871875
1400	0.586875
1401	0.5855625
1402	0.587
1403	0.5881875
1404	0.5850625
1405	0.58725
1406	0.5878125
1407	0.588125
1408	0.589
1409	0.591
1410	0.5908125
1411	0.5904375
1412	0.5904375
1413	0.5903125
1414	0.5905625
1415	0.5919375
1416	0.5895625
1417	0.59225
1418	0.590875
1419	0.5934375
1420	0.594125
1421	0.5941875
1422	0.5936875
1423	0.5939375
1424	0.5915625
1425	0.5935625
1426	0.5958125
1427	0.5935625
1428	0.59375
1429	0.5951875
1430	0.59525
1431	0.5943125
1432	0.59675
1433	0.596125
1434	0.592125
1435	0.59375
1436	0.5936875
1437	0.590875
1438	0.590125
1439	0.5918125
1440	0.59425
1441	0.5936875
1442	0.5935
1443	0.5919375
1444	0.592125
1445	0.5953125
1446	0.5925625
1447	0.594875
1448	0.5945
1449	0.5930625
1450	0.5939375
1451	0.5920625
1452	0.5910625
1453	0.58875
1454	0.5906875
1455	0.591
1456	0.5931875
1457	0.591375
1458	0.592
1459	0.5900625
1460	0.591625
1461	0.5930625
1462	0.5900625
1463	0.590625
1464	0.588
1465	0.59075
1466	0.5906875
1467	0.5911875
1468	0.5889375
1469	0.5925
1470	0.5916875
1471	0.592
1472	0.591
1473	0.591
1474	0.594
1475	0.5939375
1476	0.59275
1477	0.5948125
1478	0.5925
1479	0.593625
1480	0.5945
1481	0.5915625
1482	0.5924375
1483	0.5928125
1484	0.5918125
1485	0.594
1486	0.5969375
1487	0.596
1488	0.5949375
1489	0.594625
1490	0.593875
1491	0.5940625
1492	0.5924375
1493	0.5930625
1494	0.59575
1495	0.59475
1496	0.5979375
1497	0.5995625
1498	0.600375
1499	0.5984375
1500	0.5990625
1501	0.6009375
1502	0.6015625
1503	0.6024375
1504	0.602125
1505	0.6009375
1506	0.6033125
1507	0.6048125
1508	0.60275
1509	0.6045
1510	0.6056875
1511	0.604125
1512	0.602875
1513	0.6045
1514	0.6018125
1515	0.6046875
1516	0.60575
1517	0.6060625
1518	0.6071875
1519	0.6059375
1520	0.6065625
1521	0.608
1522	0.6090625
1523	0.6085625
1524	0.6065625
1525	0.602875
1526	0.602375
1527	0.6023125
1528	0.60275
1529	0.602
1530	0.602875
1531	0.6020625
1532	0.603
1533	0.6026875
1534	0.6054375
1535	0.6048125
1536	0.6068125
1537	0.6059375
1538	0.6078125
1539	0.60525
1540	0.603625
1541	0.6041875
1542	0.6055
1543	0.6035
1544	0.6029375
1545	0.602625
1546	0.601875
1547	0.6005625
1548	0.600625
1549	0.5993125
1550	0.602375
1551	0.603
1552	0.60125
1553	0.60225
1554	0.6021875
1555	0.6039375
1556	0.6026875
1557	0.6024375
1558	0.6031875
1559	0.6019375
1560	0.601625
1561	0.6004375
1562	0.60025
1563	0.599375
1564	0.5985
1565	0.596375
1566	0.594125
1567	0.5930625
1568	0.5944375
1569	0.59525
1570	0.5961875
1571	0.5966875
1572	0.5940625
1573	0.5961875
1574	0.596375
1575	0.5953125
1576	0.5959375
1577	0.59475
1578	0.5960625
1579	0.5943125
1580	0.59475
1581	0.5941875
1582	0.5918125
1583	0.5923125
1584	0.594875
1585	0.5941875
1586	0.5933125
1587	0.592125
1588	0.592
1589	0.5911875
1590	0.5943125
1591	0.5928125
1592	0.5921875
1593	0.593125
1594	0.592
1595	0.5929375
1596	0.5965
1597	0.592375
1598	0.5935
1599	0.595
1600	0.5935
1601	0.5930625
1602	0.59125
1603	0.5919375
1604	0.592
1605	0.5909375
1606	0.5901875
1607	0.5915
1608	0.59075
1609	0.592375
1610	0.590625
1611	0.5908125
1612	0.59075
1613	0.592875
1614	0.593375
1615	0.5929375
1616	0.5928125
1617	0.595375
1618	0.5939375
1619	0.597
1620	0.59575
1621	0.595125
1622	0.597625
1623	0.59775
1624	0.596875
1625	0.5985625
1626	0.598625
1627	0.6005
1628	0.597875
1629	0.5994375
1630	0.5975
1631	0.598375
1632	0.60025
1633	0.6025625
1634	0.603125
1635	0.6015625
1636	0.6031875
1637	0.6038125
1638	0.6051875
1639	0.6024375
1640	0.6039375
1641	0.6046875
1642	0.6040625
1643	0.6055625
1644	0.6059375
1645	0.6061875
1646	0.606
1647	0.6063125
1648	0.606375
1649	0.604625
1650	0.607
1651	0.607875
1652	0.606625
1653	0.60575
1654	0.60525
1655	0.6048125
1656	0.6063125
1657	0.60575
1658	0.6050625
1659	0.603125
1660	0.60275
1661	0.6034375
1662	0.6026875
1663	0.60425
1664	0.60125
1665	0.6026875
1666	0.6030625
1667	0.601375
1668	0.6033125
1669	0.603
1670	0.6053125
1671	0.60475
1672	0.604875
1673	0.6063125
1674	0.60575
1675	0.607
1676	0.6073125
1677	0.6055625
1678	0.6065625
1679	0.6083125
1680	0.605875
1681	0.607875
1682	0.60725
1683	0.6079375
1684	0.6071875
1685	0.60775
1686	0.608125
1687	0.6095
1688	0.607875
1689	0.605375
1690	0.6038125
1691	0.6035625
1692	0.6041875
1693	0.605375
1694	0.606625
1695	0.6068125
1696	0.60725
1697	0.6058125
1698	0.6053125
1699	0.605875
1700	0.6055625
1701	0.6065
1702	0.6085
1703	0.609375
1704	0.6068125
1705	0.6071875
1706	0.6064375
1707	0.6070625
1708	0.6075
1709	0.6070625
1710	0.6051875
1711	0.607375
1712	0.6058125
1713	0.6048125
1714	0.604125
1715	0.606
1716	0.606625
1717	0.608125
1718	0.6094375
1719	0.6099375
1720	0.60975
1721	0.611625
1722	0.6095625
1723	0.6090625
1724	0.6095
1725	0.6125625
1726	0.6125625
1727	0.6126875
1728	0.6113125
1729	0.6128125
1730	0.6135625
1731	0.611875
1732	0.609875
1733	0.6080625
1734	0.6094375
1735	0.60675
1736	0.608875
1737	0.6089375
1738	0.61025
1739	0.60775
1740	0.6090625
1741	0.6081875
1742	0.6095
1743	0.6065625
1744	0.606625
1745	0.607
1746	0.6079375
1747	0.610375
1748	0.6108125
1749	0.609625
1750	0.6083125
1751	0.6103125
1752	0.6095
1753	0.61125
1754	0.610625
1755	0.6124375
1756	0.615625
1757	0.615875
1758	0.616625
1759	0.617125
1760	0.6151875
1761	0.6134375
1762	0.616875
1763	0.6170625
1764	0.61625
1765	0.61475
1766	0.61575
1767	0.6150625
1768	0.615125
1769	0.6169375
1770	0.61525
1771	0.6124375
1772	0.613875
1773	0.6134375
1774	0.61325
1775	0.612375
1776	0.612
1777	0.6123125
1778	0.612125
1779	0.61125
1780	0.61175
1781	0.611625
1782	0.612875
1783	0.6138125
1784	0.6125625
1785	0.6120625
1786	0.613375
1787	0.6139375
1788	0.6149375
1789	0.614375
1790	0.614
1791	0.612625
1792	0.6129375
1793	0.612625
1794	0.6133125
1795	0.613625
1796	0.613625
1797	0.614
1798	0.6145625
1799	0.61475
1800	0.61375
1801	0.6139375
1802	0.61675
1803	0.61425
1804	0.6135625
1805	0.6146875
1806	0.6145625
1807	0.617
1808	0.615
1809	0.6145
1810	0.611625
1811	0.611
1812	0.611375
1813	0.612125
1814	0.6120625
1815	0.613125
1816	0.6133125
1817	0.61425
1818	0.61225
1819	0.6104375
1820	0.6108125
1821	0.6088125
1822	0.6095625
1823	0.61075
1824	0.60825
1825	0.608875
1826	0.6095625
1827	0.6075625
1828	0.6084375
1829	0.607875
1830	0.6089375
1831	0.608875
1832	0.608625
1833	0.6123125
1834	0.6123125
1835	0.613
1836	0.612125
1837	0.6135
1838	0.613
1839	0.6140625
1840	0.613
1841	0.613625
1842	0.611625
1843	0.6135
1844	0.6120625
1845	0.6118125
1846	0.611375
1847	0.609625
1848	0.608625
1849	0.6106875
1850	0.611125
1851	0.612625
1852	0.6130625
1853	0.6126875
1854	0.6136875
1855	0.614625
1856	0.61575
1857	0.613375
1858	0.6140625
1859	0.6141875
1860	0.6156875
1861	0.6159375
1862	0.6156875
1863	0.6109375
1864	0.6118125
1865	0.612625
1866	0.61225
1867	0.6118125
1868	0.6075625
1869	0.6075
1870	0.60775
1871	0.6085625
1872	0.608375
1873	0.609125
1874	0.6094375
1875	0.60875
1876	0.609125
1877	0.6094375
1878	0.611375
1879	0.608
1880	0.6091875
1881	0.6106875
1882	0.6108125
1883	0.6123125
1884	0.6155
1885	0.6153125
1886	0.6135
1887	0.612375
1888	0.612625
1889	0.611625
1890	0.6103125
1891	0.61025
1892	0.609625
1893	0.6099375
1894	0.611
1895	0.6103125
1896	0.612125
1897	0.6120625
1898	0.6133125
1899	0.6104375
1900	0.6099375
1901	0.6080625
1902	0.60525
1903	0.6044375
1904	0.6083125
1905	0.6113125
1906	0.6138125
1907	0.6101875
1908	0.6095625
1909	0.6104375
1910	0.6103125
1911	0.607875
1912	0.61025
1913	0.610125
1914	0.60975
1915	0.6105
1916	0.6103125
1917	0.6104375
1918	0.6098125
1919	0.6065625
1920	0.608375
1921	0.6094375
1922	0.6116875
1923	0.6115
1924	0.612125
1925	0.612375
1926	0.6133125
1927	0.6134375
1928	0.6125625
1929	0.6105
1930	0.612
1931	0.61075
1932	0.6121875
1933	0.612
1934	0.61625
1935	0.6169375
1936	0.6153125
1937	0.61425
1938	0.613375
1939	0.613125
1940	0.614625
1941	0.6166875
1942	0.6138125
1943	0.6129375
1944	0.6141875
1945	0.615
1946	0.6166875
1947	0.6176875
1948	0.615625
1949	0.6144375
1950	0.614
1951	0.6173125
1952	0.6166875
1953	0.6164375
1954	0.61475
1955	0.615125
1956	0.6151875
1957	0.615375
1958	0.611875
1959	0.6138125
1960	0.6120625
1961	0.616
1962	0.61575
1963	0.6174375
1964	0.61525
1965	0.6153125
1966	0.6156875
1967	0.6164375
1968	0.61675
1969	0.617375
1970	0.6185625
1971	0.6168125
1972	0.6193125
1973	0.618
1974	0.6203125
1975	0.622
1976	0.620375
1977	0.6203125
1978	0.6224375
1979	0.6234375
1980	0.6241875
1981	0.6234375
1982	0.6226875
1983	0.6215
1984	0.621625
1985	0.6239375
1986	0.6229375
1987	0.62225
1988	0.624
1989	0.623375
1990	0.6210625
1991	0.6199375
1992	0.61975
1993	0.620625
1994	0.6200625
1995	0.619375
1996	0.6189375
1997	0.621375
1998	0.6216875
1999	0.6200625
2000	0.622
2001	0.6209375
2002	0.6211875
2003	0.6186875
2004	0.617625
2005	0.6151875
2006	0.6145625
2007	0.6155625
2008	0.61475
2009	0.6139375
2010	0.6135
2011	0.61475
2012	0.6133125
2013	0.6108125
2014	0.6140625
2015	0.6165625
2016	0.6160625
2017	0.6178125
2018	0.6203125
2019	0.6189375
2020	0.6191875
2021	0.6204375
2022	0.6206875
2023	0.6205
2024	0.6199375
2025	0.6213125
2026	0.619
2027	0.619625
2028	0.6176875
2029	0.617125
2030	0.6169375
2031	0.6174375
2032	0.6184375
2033	0.61675
2034	0.616875
2035	0.6169375
2036	0.618375
2037	0.6170625
2038	0.617375
2039	0.616375
2040	0.6184375
2041	0.6174375
2042	0.61725
2043	0.619125
2044	0.6193125
2045	0.6165625
2046	0.6169375
2047	0.6180625
2048	0.6184375
2049	0.615875
2050	0.616625
2051	0.6176875
2052	0.6195625
2053	0.6190625
2054	0.6185
2055	0.62
2056	0.6175
2057	0.618125
2058	0.6164375
2059	0.61575
2060	0.61625
2061	0.615375
2062	0.6146875
2063	0.6163125
2064	0.6169375
2065	0.617875
2066	0.617875
2067	0.6169375
2068	0.61775
2069	0.619
2070	0.6201875
2071	0.619125
2072	0.6191875
2073	0.618125
2074	0.6186875
2075	0.6203125
2076	0.619375
2077	0.619125
2078	0.6195
2079	0.618
2080	0.615875
2081	0.6159375
2082	0.616625
2083	0.61475
2084	0.616375
2085	0.6159375
2086	0.6165625
2087	0.6169375
2088	0.616375
2089	0.6148125
2090	0.6165
2091	0.6170625
2092	0.6181875
2093	0.61875
2094	0.617625
2095	0.61775
2096	0.616625
2097	0.618125
2098	0.6185
2099	0.6190625
2100	0.619125
2101	0.617625
2102	0.61875
2103	0.6165
2104	0.618125
2105	0.61775
2106	0.6170625
2107	0.6189375
2108	0.61925
2109	0.6185
2110	0.6161875
2111	0.6174375
2112	0.6184375
2113	0.619375
2114	0.62325
2115	0.622625
2116	0.6225625
2117	0.62075
2118	0.619875
2119	0.6183125
2120	0.620125
2121	0.6195
2122	0.6189375
2123	0.61825
2124	0.6163125
2125	0.617375
2126	0.61925
2127	0.617375
2128	0.6179375
2129	0.6198125
2130	0.6218125
2131	0.622375
2132	0.6181875
2133	0.6168125
2134	0.6195625
2135	0.619375
2136	0.6186875
2137	0.619375
2138	0.6189375
2139	0.621125
2140	0.6195625
2141	0.62325
2142	0.625375
2143	0.6255625
2144	0.6238125
2145	0.6251875
2146	0.623875
2147	0.622125
2148	0.6219375
2149	0.6241875
2150	0.621875
2151	0.6264375
2152	0.6260625
2153	0.6245625
2154	0.6219375
2155	0.6234375
2156	0.6236875
2157	0.6253125
2158	0.62375
2159	0.6223125
2160	0.6231875
2161	0.624375
2162	0.623375
2163	0.621875
2164	0.6205625
2165	0.6195625
2166	0.6198125
2167	0.61875
2168	0.6200625
2169	0.6196875
2170	0.6175
2171	0.618375
2172	0.6204375
2173	0.6195
2174	0.6218125
2175	0.6218125
2176	0.6223125
2177	0.6198125
2178	0.620125
2179	0.6185625
2180	0.616
2181	0.61475
2182	0.616125
2183	0.619625
2184	0.6189375
2185	0.61875
2186	0.6176875
2187	0.6176875
2188	0.618
2189	0.6188125
2190	0.619875
2191	0.6201875
2192	0.617375
2193	0.617375
2194	0.6178125
2195	0.619
2196	0.6205625
2197	0.6189375
2198	0.6171875
2199	0.61575
2200	0.619125
2201	0.618625
2202	0.61925
2203	0.620125
2204	0.6224375
2205	0.625375
2206	0.622875
2207	0.6213125
2208	0.6233125
2209	0.622375
2210	0.6239375
2211	0.6235
2212	0.625
2213	0.6260625
2214	0.625875
2215	0.624375
2216	0.623375
2217	0.6230625
2218	0.6235625
2219	0.624375
2220	0.6246875
2221	0.6241875
2222	0.6258125
2223	0.626
2224	0.6259375
2225	0.6246875
2226	0.623625
2227	0.623
2228	0.622125
2229	0.6248125
2230	0.6234375
2231	0.6233125
2232	0.6254375
2233	0.6261875
2234	0.624625
2235	0.624875
2236	0.6251875
2237	0.6256875
2238	0.6235
2239	0.626875
2240	0.62675
2241	0.6251875
2242	0.6266875
2243	0.625875
2244	0.624125
2245	0.6231875
2246	0.6236875
2247	0.6233125
2248	0.622
2249	0.6236875
2250	0.622875
2251	0.62325
2252	0.6240625
2253	0.622875
2254	0.623375
2255	0.62475
2256	0.6248125
2257	0.6248125
2258	0.6251875
2259	0.622625
2260	0.62325
2261	0.6226875
2262	0.6205
2263	0.6218125
2264	0.623375
2265	0.6228125
2266	0.6223125
2267	0.619625
2268	0.618375
2269	0.6195625
2270	0.6201875
2271	0.6213125
2272	0.622375
2273	0.6244375
2274	0.624
2275	0.623625
2276	0.623
2277	0.6241875
2278	0.6228125
2279	0.62475
2280	0.6230625
2281	0.623125
2282	0.6236875
2283	0.623875
2284	0.624375
2285	0.62525
2286	0.6259375
2287	0.6275625
2288	0.6269375
2289	0.6284375
2290	0.628875
2291	0.6271875
2292	0.6255
2293	0.624625
2294	0.6275
2295	0.6275625
2296	0.6286875
2297	0.6286875
2298	0.6293125
2299	0.6295
2300	0.631125
2301	0.6305625
2302	0.630125
2303	0.6300625
2304	0.6315
2305	0.6314375
2306	0.6314375
2307	0.628875
2308	0.6285
2309	0.6309375
2310	0.630375
2311	0.629875
2312	0.6305625
2313	0.6288125
2314	0.6289375
2315	0.6290625
2316	0.6270625
2317	0.6275
2318	0.6268125
2319	0.627875
2320	0.62775
2321	0.6270625
2322	0.625375
2323	0.624625
2324	0.6235625
2325	0.6248125
2326	0.6253125
2327	0.62575
2328	0.6243125
2329	0.6250625
2330	0.6249375
2331	0.6245625
2332	0.624875
2333	0.6225
2334	0.6245
2335	0.62425
2336	0.62225
2337	0.621625
2338	0.6209375
2339	0.621875
2340	0.621875
2341	0.6236875
2342	0.6215
2343	0.62025
2344	0.6234375
2345	0.622125
2346	0.6216875
2347	0.6236875
2348	0.62125
2349	0.62175
2350	0.6201875
2351	0.6215625
2352	0.62225
2353	0.6211875
2354	0.6210625
2355	0.621
2356	0.6215625
2357	0.623
2358	0.624875
2359	0.6255
2360	0.6263125
2361	0.6245
2362	0.6235625
2363	0.6226875
2364	0.6248125
2365	0.62425
2366	0.624
2367	0.623125
2368	0.62375
2369	0.6231875
2370	0.6233125
2371	0.625375
2372	0.6235625
2373	0.624
2374	0.6226875
2375	0.623125
2376	0.621625
2377	0.6231875
2378	0.6225
2379	0.6230625
2380	0.6215
2381	0.6229375
2382	0.623625
2383	0.622125
2384	0.622125
2385	0.622625
2386	0.622625
2387	0.6239375
2388	0.6234375
2389	0.62175
2390	0.62525
2391	0.6235625
2392	0.6215625
2393	0.6224375
2394	0.62175
2395	0.62125
2396	0.619
2397	0.6229375
2398	0.622
2399	0.6224375
2400	0.6221875
2401	0.6228125
2402	0.6248125
2403	0.623125
2404	0.6214375
2405	0.6224375
2406	0.621
2407	0.62
2408	0.62
2409	0.620375
2410	0.62125
2411	0.6205
2412	0.62125
2413	0.6201875
2414	0.623875
2415	0.6249375
2416	0.62475
2417	0.621875
2418	0.6226875
2419	0.6205625
2420	0.6204375
2421	0.6238125
2422	0.623875
2423	0.62025
2424	0.6220625
2425	0.6239375
2426	0.6246875
2427	0.6249375
2428	0.6233125
2429	0.6245625
2430	0.62425
2431	0.6249375
2432	0.6230625
2433	0.6239375
2434	0.6213125
2435	0.6226875
2436	0.622625
2437	0.6214375
2438	0.6223125
2439	0.6211875
2440	0.622375
2441	0.6235
2442	0.6238125
2443	0.6238125
2444	0.62625
2445	0.623375
2446	0.6245
2447	0.62375
2448	0.6238125
2449	0.62275
2450	0.6260625
2451	0.622375
2452	0.6220625
2453	0.6200625
2454	0.6209375
2455	0.6213125
2456	0.618875
2457	0.621875
2458	0.623125
2459	0.6243125
2460	0.6219375
2461	0.6204375
2462	0.6218125
2463	0.62175
2464	0.6209375
2465	0.620625
2466	0.6201875
2467	0.621125
2468	0.6203125
2469	0.621
2470	0.621875
2471	0.62075
2472	0.6216875
2473	0.6195
2474	0.6211875
2475	0.62
2476	0.620875
2477	0.6233125
2478	0.623875
2479	0.6235625
2480	0.6219375
2481	0.625
2482	0.6234375
2483	0.62325
2484	0.6228125
2485	0.6235625
2486	0.6245625
2487	0.625
2488	0.623
2489	0.62225
2490	0.62125
2491	0.62075
2492	0.6188125
2493	0.618375
2494	0.619875
2495	0.618625
2496	0.6195
2497	0.62
2498	0.6205625
2499	0.622875
2500	0.6213125
2501	0.61975
2502	0.6215
2503	0.617375
2504	0.6189375
2505	0.617125
2506	0.6183125
2507	0.61775
2508	0.61875
2509	0.6144375
2510	0.6141875
2511	0.615875
2512	0.615875
2513	0.6148125
2514	0.6154375
2515	0.615625
2516	0.616125
2517	0.617625
2518	0.61625
2519	0.6185
2520	0.6186875
2521	0.6165
2522	0.616625
2523	0.6151875
2524	0.6175
2525	0.6160625
2526	0.613625
2527	0.6158125
2528	0.61475
2529	0.6169375
2530	0.61525
2531	0.615875
2532	0.615
2533	0.6168125
2534	0.6163125
2535	0.617
2536	0.61825
2537	0.6141875
2538	0.616125
2539	0.6155
2540	0.6166875
2541	0.6128125
2542	0.616
2543	0.6158125
2544	0.614875
2545	0.617125
2546	0.6179375
2547	0.61675
2548	0.61825
2549	0.617375
2550	0.615375
2551	0.618375
2552	0.6170625
2553	0.61625
2554	0.6158125
2555	0.6168125
2556	0.61625
2557	0.6166875
2558	0.6153125
2559	0.615
2560	0.6186875
2561	0.6195
2562	0.6185
2563	0.618375
2564	0.6186875
2565	0.621375
2566	0.6235625
2567	0.622625
2568	0.6206875
2569	0.61825
2570	0.6186875
2571	0.6194375
2572	0.6196875
2573	0.618125
2574	0.6201875
2575	0.6208125
2576	0.62025
2577	0.620875
2578	0.621625
2579	0.622625
2580	0.6205
2581	0.6205625
2582	0.6210625
2583	0.6231875
2584	0.6218125
2585	0.6213125
2586	0.6224375
2587	0.6231875
2588	0.6238125
2589	0.6254375
2590	0.6225
2591	0.623375
2592	0.6224375
2593	0.6235
2594	0.6246875
2595	0.6233125
2596	0.627875
2597	0.62675
2598	0.6270625
2599	0.6269375
2600	0.6245
2601	0.62225
2602	0.6249375
2603	0.6203125
2604	0.620625
2605	0.62125
2606	0.6219375
2607	0.6231875
2608	0.6255
2609	0.6245
2610	0.624375
2611	0.6211875
2612	0.62175
2613	0.6213125
2614	0.620875
2615	0.621625
2616	0.6224375
2617	0.6225
2618	0.6225
2619	0.6220625
2620	0.620875
2621	0.621
2622	0.6224375
2623	0.624625
2624	0.6219375
2625	0.6225625
2626	0.6221875
2627	0.6226875
2628	0.618125
2629	0.61875
2630	0.62175
2631	0.6183125
2632	0.6185
2633	0.6191875
2634	0.6185
2635	0.6165625
2636	0.6166875
2637	0.6174375
2638	0.61625
2639	0.619375
2640	0.6216875
2641	0.6195625
2642	0.6203125
2643	0.617375
2644	0.6199375
2645	0.62
2646	0.6185625
2647	0.6190625
2648	0.620625
2649	0.6195
2650	0.619375
2651	0.6205
2652	0.6209375
2653	0.6226875
2654	0.6186875
2655	0.618625
2656	0.61775
2657	0.616875
2658	0.617
2659	0.6180625
2660	0.619
2661	0.619625
2662	0.619875
2663	0.618375
2664	0.6170625
2665	0.6171875
2666	0.6193125
2667	0.6203125
2668	0.6224375
2669	0.6230625
2670	0.61975
2671	0.620875
2672	0.6233125
2673	0.624625
2674	0.6253125
2675	0.6241875
2676	0.624625
2677	0.6245625
2678	0.624375
2679	0.6225625
2680	0.6241875
2681	0.6244375
2682	0.624875
2683	0.6253125
2684	0.6266875
2685	0.62575
2686	0.6255625
2687	0.6265
2688	0.6261875
2689	0.628
2690	0.6278125
2691	0.6290625
2692	0.629375
2693	0.628625
2694	0.629875
2695	0.6286875
2696	0.6293125
2697	0.62975
2698	0.63125
2699	0.62925
2700	0.6286875
2701	0.6288125
2702	0.6263125
2703	0.627875
2704	0.6275625
2705	0.629125
2706	0.63075
2707	0.6323125
2708	0.6315625
2709	0.6319375
2710	0.6298125
2711	0.6301875
2712	0.6295625
2713	0.6298125
2714	0.6316875
2715	0.629125
2716	0.627875
2717	0.628125
2718	0.629125
2719	0.6290625
2720	0.629125
2721	0.6281875
2722	0.628125
2723	0.629375
2724	0.63025
2725	0.6284375
2726	0.6288125
2727	0.628875
2728	0.6286875
2729	0.6288125
2730	0.6278125
2731	0.628875
2732	0.6283125
2733	0.6275625
2734	0.62925
2735	0.63125
2736	0.6301875
2737	0.6299375
2738	0.6305
2739	0.6288125
2740	0.6283125
2741	0.6303125
2742	0.631375
2743	0.632125
2744	0.629625
2745	0.6293125
2746	0.6298125
2747	0.6314375
2748	0.630625
2749	0.631625
2750	0.6325
2751	0.6310625
2752	0.63225
2753	0.633125
2754	0.6325625
2755	0.632625
2756	0.6318125
2757	0.629125
2758	0.629625
2759	0.629125
2760	0.62975
2761	0.6306875
2762	0.6316875
2763	0.630625
2764	0.6299375
2765	0.628
2766	0.62925
2767	0.6299375
2768	0.63
2769	0.6318125
2770	0.63125
2771	0.6336875
2772	0.6333125
2773	0.6323125
2774	0.6345625
2775	0.635375
2776	0.63575
2777	0.63425
2778	0.6335
2779	0.635125
2780	0.6348125
2781	0.63475
2782	0.63525
2783	0.6360625
2784	0.636
2785	0.636
2786	0.63475
2787	0.6338125
2788	0.6355
2789	0.6366875
2790	0.635375
2791	0.6349375
2792	0.6348125
2793	0.6365625
2794	0.6381875
2795	0.63675
2796	0.637
2797	0.6369375
2798	0.637375
2799	0.63625
2800	0.637125
2801	0.6375
2802	0.636875
2803	0.638375
2804	0.6393125
2805	0.63875
2806	0.63725
2807	0.636625
2808	0.6370625
2809	0.637875
2810	0.6380625
2811	0.637875
2812	0.6345
2813	0.6355
2814	0.63525
2815	0.6343125
2816	0.6351875
2817	0.6334375
2818	0.633375
2819	0.63225
2820	0.6331875
2821	0.6316875
2822	0.63325
2823	0.633625
2824	0.6329375
2825	0.63275
2826	0.635
2827	0.635125
2828	0.6349375
2829	0.63425
2830	0.636
2831	0.6366875
2832	0.634875
2833	0.634125
2834	0.6331875
2835	0.6359375
2836	0.632875
2837	0.6325
2838	0.6315625
2839	0.6336875
2840	0.6341875
2841	0.6365625
2842	0.6346875
2843	0.6358125
2844	0.63425
2845	0.634375
2846	0.632875
2847	0.6343125
2848	0.635375
2849	0.6346875
2850	0.6336875
2851	0.6329375
2852	0.634125
2853	0.632125
2854	0.636
2855	0.6356875
2856	0.63775
2857	0.6369375
2858	0.6395625
2859	0.6405625
2860	0.63875
2861	0.636625
2862	0.6375625
2863	0.636375
2864	0.6395
2865	0.6373125
2866	0.6356875
2867	0.63425
2868	0.6335625
2869	0.6315625
2870	0.632125
2871	0.633
2872	0.6325625
2873	0.6325
2874	0.6309375
2875	0.6305
2876	0.6315625
2877	0.630875
2878	0.6310625
2879	0.6315625
2880	0.6328125
2881	0.6325625
2882	0.631125
2883	0.631625
2884	0.630875
2885	0.6314375
2886	0.633
2887	0.63125
2888	0.62775
2889	0.6289375
2890	0.62975
2891	0.6308125
2892	0.631
2893	0.630875
2894	0.631625
2895	0.63225
2896	0.630875
2897	0.6329375
2898	0.6315
2899	0.632
2900	0.632375
2901	0.631625
2902	0.6291875
2903	0.6301875
2904	0.6323125
2905	0.632375
2906	0.633375
2907	0.6295
2908	0.63225
2909	0.6318125
2910	0.6319375
2911	0.6313125
2912	0.628125
2913	0.6294375
2914	0.627875
2915	0.6299375
2916	0.6323125
2917	0.6350625
2918	0.634875
2919	0.633375
2920	0.63575
2921	0.6329375
2922	0.6331875
2923	0.633
2924	0.6335
2925	0.6353125
2926	0.6349375
2927	0.6346875
2928	0.63425
2929	0.6338125
2930	0.6341875
2931	0.6324375
2932	0.633125
2933	0.632375
2934	0.633375
2935	0.6323125
2936	0.632625
2937	0.6328125
2938	0.630125
2939	0.634875
2940	0.6326875
2941	0.63375
2942	0.63625
2943	0.6353125
2944	0.633875
2945	0.633
2946	0.63375
2947	0.636
2948	0.636375
2949	0.635375
2950	0.63525
2951	0.632375
2952	0.6328125
2953	0.6328125
2954	0.6324375
2955	0.63175
2956	0.6339375
2957	0.6355
2958	0.634
2959	0.634
2960	0.6365625
2961	0.6374375
2962	0.6370625
2963	0.639
2964	0.6398125
2965	0.6385625
2966	0.64
2967	0.6391875
2968	0.6405625
2969	0.6389375
2970	0.637375
2971	0.637875
2972	0.63975
2973	0.6401875
2974	0.6390625
2975	0.6393125
2976	0.637375
2977	0.63675
2978	0.63775
2979	0.6391875
2980	0.640125
2981	0.639375
2982	0.6389375
2983	0.6415
2984	0.642
2985	0.641375
2986	0.643125
2987	0.6449375
2988	0.6445625
2989	0.643875
2990	0.64475
2991	0.6446875
2992	0.64375
2993	0.6426875
2994	0.6429375
2995	0.6431875
2996	0.641875
2997	0.64
2998	0.640625
2999	0.6419375
3000	0.638875
3001	0.64125
3002	0.6396875
3003	0.638625
3004	0.6405625
3005	0.6403125
3006	0.6408125
3007	0.64
3008	0.6400625
3009	0.6384375
3010	0.6376875
3011	0.6373125
3012	0.6363125
3013	0.6359375
3014	0.6330625
3015	0.634125
3016	0.63475
3017	0.633625
3018	0.6335625
3019	0.63375
3020	0.6323125
3021	0.632875
3022	0.6334375
3023	0.6328125
3024	0.6305
3025	0.6294375
3026	0.6309375
3027	0.6291875
3028	0.6331875
3029	0.6333125
3030	0.6316875
3031	0.6306875
3032	0.632875
3033	0.6319375
3034	0.6325
3035	0.6334375
3036	0.636125
3037	0.633875
3038	0.633375
3039	0.633
3040	0.6329375
3041	0.6323125
3042	0.6316875
3043	0.6314375
3044	0.6309375
3045	0.6315
3046	0.6305
3047	0.6313125
3048	0.6310625
3049	0.631375
3050	0.6319375
3051	0.6314375
3052	0.630875
3053	0.6313125
3054	0.632375
3055	0.633125
3056	0.63425
3057	0.634125
3058	0.635875
3059	0.635875
3060	0.634375
3061	0.6350625
3062	0.6361875
3063	0.6368125
3064	0.6369375
3065	0.6329375
3066	0.6329375
3067	0.629875
3068	0.6300625
3069	0.62775
3070	0.6278125
3071	0.6281875
3072	0.628
3073	0.6293125
3074	0.629125
3075	0.627
3076	0.6259375
3077	0.62725
3078	0.62675
3079	0.6279375
3080	0.6265625
3081	0.626375
3082	0.6283125
3083	0.6289375
3084	0.6276875
3085	0.628625
3086	0.628625
3087	0.6300625
3088	0.632375
3089	0.6336875
3090	0.632875
3091	0.632875
3092	0.6340625
3093	0.6371875
3094	0.6358125
3095	0.6355
3096	0.6346875
3097	0.6361875
3098	0.6368125
3099	0.636
3100	0.6378125
3101	0.634125
3102	0.632625
3103	0.6325
3104	0.6328125
3105	0.63225
3106	0.6315625
3107	0.6328125
3108	0.6315
3109	0.629125
3110	0.63
3111	0.63
3112	0.631875
3113	0.6295
3114	0.62875
3115	0.6276875
3116	0.628875
3117	0.6269375
3118	0.629875
3119	0.6298125
3120	0.628
3121	0.629
3122	0.62825
3123	0.627125
3124	0.629
3125	0.6276875
3126	0.6261875
3127	0.626
3128	0.6260625
3129	0.6253125
3130	0.6263125
3131	0.6260625
3132	0.624875
3133	0.623625
3134	0.6245
3135	0.6229375
3136	0.6236875
3137	0.6235
3138	0.6259375
3139	0.626
3140	0.6245625
3141	0.6266875
3142	0.6259375
3143	0.625
3144	0.62825
3145	0.6285625
3146	0.629875
3147	0.630375
3148	0.6271875
3149	0.6286875
3150	0.6278125
3151	0.6264375
3152	0.6266875
3153	0.6278125
3154	0.6280625
3155	0.628125
3156	0.626
3157	0.628125
3158	0.627625
3159	0.62775
3160	0.6275625
3161	0.62775
3162	0.6280625
3163	0.6280625
3164	0.628875
3165	0.6285625
3166	0.62925
3167	0.631625
3168	0.6314375
3169	0.628625
3170	0.629125
3171	0.628875
3172	0.6281875
3173	0.628
3174	0.6273125
3175	0.6281875
3176	0.627125
3177	0.62775
3178	0.6296875
3179	0.6294375
3180	0.63
3181	0.628125
3182	0.627875
3183	0.6286875
3184	0.6270625
3185	0.6255625
3186	0.625625
3187	0.6243125
3188	0.626625
3189	0.6283125
3190	0.6305625
3191	0.6293125
3192	0.629625
3193	0.631625
3194	0.631
3195	0.6301875
3196	0.6309375
3197	0.6289375
3198	0.62925
3199	0.6288125
3200	0.6283125
3201	0.62825
3202	0.6280625
3203	0.630875
3204	0.6278125
3205	0.6304375
3206	0.6321875
3207	0.6320625
3208	0.6313125
3209	0.6326875
3210	0.634875
3211	0.63325
3212	0.634125
3213	0.632375
3214	0.632875
3215	0.6319375
3216	0.63275
3217	0.63325
3218	0.6350625
3219	0.633375
3220	0.633375
3221	0.632125
3222	0.6321875
3223	0.63125
3224	0.631625
3225	0.6305
3226	0.63175
3227	0.63225
3228	0.63275
3229	0.6345625
3230	0.63575
3231	0.6346875
3232	0.6359375
3233	0.6351875
3234	0.6345
3235	0.634875
3236	0.6335
3237	0.6308125
3238	0.6340625
3239	0.6348125
3240	0.6356875
3241	0.6355625
3242	0.6335
3243	0.635125
3244	0.6350625
3245	0.635
3246	0.636125
3247	0.6376875
3248	0.638125
3249	0.6390625
3250	0.639875
3251	0.6396875
3252	0.641125
3253	0.639875
3254	0.637875
3255	0.6350625
3256	0.63575
3257	0.6340625
3258	0.6351875
3259	0.6355625
3260	0.6356875
3261	0.6374375
3262	0.638125
3263	0.635125
3264	0.634625
3265	0.633875
3266	0.634375
3267	0.6348125
3268	0.6348125
3269	0.6333125
3270	0.6339375
3271	0.6348125
3272	0.634875
3273	0.6333125
3274	0.6351875
3275	0.6335
3276	0.634625
3277	0.6353125
3278	0.636875
3279	0.637875
3280	0.6381875
3281	0.6356875
3282	0.6378125
3283	0.63825
3284	0.6369375
3285	0.6384375
3286	0.638125
3287	0.6385
3288	0.6380625
3289	0.63825
3290	0.6380625
3291	0.63825
3292	0.637875
3293	0.6385625
3294	0.6368125
3295	0.639
3296	0.633875
3297	0.633625
3298	0.6343125
3299	0.6343125
3300	0.6345
3301	0.634875
3302	0.63375
3303	0.63575
3304	0.6370625
3305	0.6373125
3306	0.6368125
3307	0.637625
3308	0.6360625
3309	0.6355
3310	0.6350625
3311	0.637625
3312	0.6378125
3313	0.6379375
3314	0.639125
3315	0.6379375
3316	0.63775
3317	0.637625
3318	0.6379375
3319	0.6378125
3320	0.63775
3321	0.6370625
3322	0.63725
3323	0.638875
3324	0.6386875
3325	0.6385625
3326	0.639125
3327	0.6381875
3328	0.640625
3329	0.641
3330	0.6433125
3331	0.6419375
3332	0.643125
3333	0.644875
3334	0.6445
3335	0.642875
3336	0.6435625
3337	0.64175
3338	0.6428125
3339	0.6400625
3340	0.640875
3341	0.641375
3342	0.6419375
3343	0.640375
3344	0.639375
3345	0.6409375
3346	0.64125
3347	0.6434375
3348	0.644125
3349	0.645125
3350	0.6448125
3351	0.6461875
3352	0.6456875
3353	0.6475
3354	0.648625
3355	0.6453125
3356	0.6456875
3357	0.645375
3358	0.645375
3359	0.6459375
3360	0.6465
3361	0.6478125
3362	0.6479375
3363	0.648625
3364	0.6515
3365	0.6525
3366	0.6534375
3367	0.6526875
3368	0.652
3369	0.651875
3370	0.6518125
3371	0.6526875
3372	0.65075
3373	0.6498125
3374	0.6515
3375	0.651375
3376	0.6505625
3377	0.6509375
3378	0.6494375
3379	0.6483125
3380	0.6496875
3381	0.6511875
3382	0.652875
3383	0.6509375
3384	0.65025
3385	0.65125
3386	0.6510625
3387	0.6485
3388	0.65325
3389	0.650125
3390	0.6483125
3391	0.647375
3392	0.64675
3393	0.647875
3394	0.6491875
3395	0.649
3396	0.6493125
3397	0.6474375
3398	0.648
3399	0.64975
3400	0.649
3401	0.6481875
3402	0.6473125
3403	0.6460625
3404	0.646875
3405	0.6488125
3406	0.6460625
3407	0.6460625
3408	0.6475
3409	0.644
3410	0.645625
3411	0.6473125
3412	0.647125
3413	0.6465625
3414	0.646875
3415	0.6463125
3416	0.6475
3417	0.644375
3418	0.6438125
3419	0.6445625
3420	0.644125
3421	0.6445625
3422	0.64625
3423	0.6430625
3424	0.644375
3425	0.645
3426	0.646125
3427	0.6443125
3428	0.6440625
3429	0.6449375
3430	0.6420625
3431	0.6430625
3432	0.643
3433	0.64375
3434	0.642875
3435	0.6443125
3436	0.6451875
3437	0.643125
3438	0.6419375
3439	0.6435625
3440	0.6431875
3441	0.644125
3442	0.6419375
3443	0.641625
3444	0.6426875
3445	0.6431875
3446	0.6445625
3447	0.6430625
3448	0.6435
3449	0.6413125
3450	0.6438125
3451	0.641375
3452	0.642625
3453	0.643375
3454	0.6431875
3455	0.644375
3456	0.6441875
3457	0.6425625
3458	0.6426875
3459	0.64325
3460	0.6450625
3461	0.6453125
3462	0.6450625
3463	0.6459375
3464	0.643125
3465	0.645
3466	0.647375
3467	0.645
3468	0.6460625
3469	0.6466875
3470	0.6498125
3471	0.648375
3472	0.6471875
3473	0.6485
3474	0.64875
3475	0.6478125
3476	0.64875
3477	0.6449375
3478	0.647625
3479	0.6481875
3480	0.6478125
3481	0.64525
3482	0.6448125
3483	0.6463125
3484	0.6464375
3485	0.6486875
3486	0.6479375
3487	0.648125
3488	0.6486875
3489	0.650125
3490	0.6463125
3491	0.6495625
3492	0.6498125
3493	0.64875
3494	0.64575
3495	0.6458125
3496	0.6461875
3497	0.6465625
3498	0.6468125
3499	0.6485
3500	0.6475625
3501	0.64725
3502	0.6475625
3503	0.646875
3504	0.64675
3505	0.6454375
3506	0.646375
3507	0.6461875
3508	0.643125
3509	0.64425
3510	0.6430625
3511	0.6424375
3512	0.643125
3513	0.6434375
3514	0.6433125
3515	0.6405625
3516	0.6436875
3517	0.643375
3518	0.6425
3519	0.6425
3520	0.641375
3521	0.6410625
3522	0.6411875
3523	0.64025
3524	0.641
3525	0.643125
3526	0.642875
3527	0.6428125
3528	0.6445625
3529	0.6448125
3530	0.642875
3531	0.6415625
3532	0.6415625
3533	0.640875
3534	0.6413125
3535	0.64125
3536	0.6408125
3537	0.6430625
3538	0.645875
3539	0.6455625
3540	0.644625
3541	0.643125
3542	0.6434375
3543	0.6446875
3544	0.643875
3545	0.642375
3546	0.641375
3547	0.64325
3548	0.644625
3549	0.6446875
3550	0.644
3551	0.64575
3552	0.6456875
3553	0.6436875
3554	0.6441875
3555	0.6455
3556	0.64525
3557	0.6474375
3558	0.6476875
3559	0.648375
3560	0.6481875
3561	0.6475
3562	0.6475625
3563	0.64875
3564	0.6479375
3565	0.6459375
3566	0.643125
3567	0.64775
3568	0.6485625
3569	0.648625
3570	0.6468125
3571	0.6465625
3572	0.649125
3573	0.648375
3574	0.647125
3575	0.645375
3576	0.6464375
3577	0.6466875
3578	0.6469375
3579	0.647
3580	0.647125
3581	0.6489375
3582	0.648625
3583	0.648375
3584	0.6488125
3585	0.6460625
3586	0.6468125
3587	0.6470625
3588	0.645125
3589	0.6445
3590	0.6415
3591	0.642
3592	0.6420625
3593	0.64275
3594	0.6410625
3595	0.642
3596	0.6431875
3597	0.6435625
3598	0.6403125
3599	0.641625
3600	0.6420625
3601	0.6411875
3602	0.640875
3603	0.639875
3604	0.642
3605	0.643125
3606	0.6425625
3607	0.6423125
3608	0.6445625
3609	0.6443125
3610	0.6443125
3611	0.6443125
3612	0.642875
3613	0.640125
3614	0.6383125
3615	0.639875
3616	0.640375
3617	0.641
3618	0.640625
3619	0.640375
3620	0.641625
3621	0.6411875
3622	0.642375
3623	0.6436875
3624	0.6435625
3625	0.644125
3626	0.64275
3627	0.6440625
3628	0.64675
3629	0.64825
3630	0.6481875
3631	0.6471875
3632	0.6463125
3633	0.648125
3634	0.6466875
3635	0.6489375
3636	0.6478125
3637	0.6495625
3638	0.651125
3639	0.650375
3640	0.6491875
3641	0.650125
3642	0.650125
3643	0.650375
3644	0.648625
3645	0.6485
3646	0.6478125
3647	0.6505
3648	0.648125
3649	0.649375
3650	0.65025
3651	0.650375
3652	0.6523125
3653	0.6509375
3654	0.6520625
3655	0.64975
3656	0.6511875
3657	0.651
3658	0.6511875
3659	0.651875
3660	0.650625
3661	0.64925
3662	0.6501875
3663	0.6499375
3664	0.6481875
3665	0.6480625
3666	0.647875
3667	0.647875
3668	0.647375
3669	0.646625
3670	0.6453125
3671	0.6471875
3672	0.6441875
3673	0.6435625
3674	0.6429375
3675	0.6440625
3676	0.64425
3677	0.6455
3678	0.645
3679	0.64575
3680	0.6435
3681	0.6445
3682	0.646375
3683	0.646375
3684	0.6465
3685	0.6466875
3686	0.645875
3687	0.647125
3688	0.6469375
3689	0.643875
3690	0.6431875
3691	0.643625
3692	0.6444375
3693	0.646375
3694	0.6473125
3695	0.6476875
3696	0.6481875
3697	0.647375
3698	0.6471875
3699	0.6473125
3700	0.6451875
3701	0.6458125
3702	0.6468125
3703	0.6468125
3704	0.646875
3705	0.6488125
3706	0.650625
3707	0.6496875
3708	0.6523125
3709	0.649125
3710	0.65025
3711	0.65
3712	0.6488125
3713	0.65125
3714	0.650625
3715	0.6505625
3716	0.650625
3717	0.649
3718	0.648375
3719	0.6481875
3720	0.64925
3721	0.65
3722	0.654375
3723	0.6503125
3724	0.6496875
3725	0.650625
3726	0.650875
3727	0.6498125
3728	0.6486875
3729	0.64625
3730	0.6465625
3731	0.6475
3732	0.6474375
3733	0.6455625
3734	0.647875
3735	0.649375
3736	0.6478125
3737	0.647875
3738	0.6485
3739	0.6486875
3740	0.64975
3741	0.6525625
3742	0.652125
3743	0.6519375
3744	0.65175
3745	0.651
3746	0.648625
3747	0.6489375
3748	0.6493125
3749	0.64925
3750	0.651
3751	0.649625
3752	0.650375
3753	0.64825
3754	0.6496875
3755	0.6498125
3756	0.651375
3757	0.650125
3758	0.6518125
3759	0.6505625
3760	0.6518125
3761	0.6523125
3762	0.652625
3763	0.652875
3764	0.6504375
3765	0.6486875
3766	0.6508125
3767	0.648375
3768	0.6484375
3769	0.647125
3770	0.6461875
3771	0.649
3772	0.6490625
3773	0.650875
3774	0.65175
3775	0.64975
3776	0.651
3777	0.6504375
3778	0.6505
3779	0.6501875
3780	0.6511875
3781	0.6499375
3782	0.6499375
3783	0.65325
3784	0.6503125
3785	0.6503125
3786	0.6515625
3787	0.654875
3788	0.6529375
3789	0.6535625
3790	0.6515
3791	0.6523125
3792	0.6545625
3793	0.6546875
3794	0.6540625
3795	0.6525625
3796	0.6530625
3797	0.653875
3798	0.6535
3799	0.651875
3800	0.65125
3801	0.6523125
3802	0.6525
3803	0.6524375
3804	0.653125
3805	0.6529375
3806	0.65375
3807	0.6515625
3808	0.650875
3809	0.6513125
3810	0.650375
3811	0.64975
3812	0.6525
3813	0.6486875
3814	0.648125
3815	0.64525
3816	0.645625
3817	0.6448125
3818	0.6445625
3819	0.64475
3820	0.642625
3821	0.6460625
3822	0.6421875
3823	0.6441875
3824	0.6455
3825	0.6445625
3826	0.6460625
3827	0.646375
3828	0.64425
3829	0.6453125
3830	0.6434375
3831	0.644125
3832	0.6459375
3833	0.644125
3834	0.645125
3835	0.64375
3836	0.6446875
3837	0.644625
3838	0.6425625
3839	0.64275
3840	0.645375
3841	0.6439375
3842	0.6435
3843	0.6405625
3844	0.641125
3845	0.6408125
3846	0.641
3847	0.6415
3848	0.6405625
3849	0.6401875
3850	0.642625
3851	0.642625
3852	0.643
3853	0.6440625
3854	0.642625
3855	0.64375
3856	0.642625
3857	0.643
3858	0.6429375
3859	0.6401875
3860	0.641125
3861	0.641875
3862	0.641375
3863	0.643125
3864	0.6443125
3865	0.6453125
3866	0.644
3867	0.643625
3868	0.6430625
3869	0.64225
3870	0.6400625
3871	0.6391875
3872	0.6426875
3873	0.64175
3874	0.641125
3875	0.6404375
3876	0.6428125
3877	0.643125
3878	0.6454375
3879	0.6445625
3880	0.644375
3881	0.6446875
3882	0.6460625
3883	0.643625
3884	0.6433125
3885	0.6455
3886	0.6444375
3887	0.644625
3888	0.644
3889	0.6415625
3890	0.642375
3891	0.6450625
3892	0.643625
3893	0.6446875
3894	0.6458125
3895	0.6468125
3896	0.6479375
3897	0.647
3898	0.6468125
3899	0.6460625
3900	0.6473125
3901	0.65075
3902	0.6515
3903	0.65275
3904	0.651375
3905	0.652875
3906	0.6511875
3907	0.650625
3908	0.652125
3909	0.6530625
3910	0.6529375
3911	0.65175
3912	0.65275
3913	0.6526875
3914	0.652375
3915	0.6514375
3916	0.6519375
3917	0.6516875
3918	0.6515
3919	0.65025
3920	0.65075
3921	0.6501875
3922	0.6493125
3923	0.650125
3924	0.650375
3925	0.65275
3926	0.6521875
3927	0.6528125
3928	0.653
3929	0.653
3930	0.654125
3931	0.6531875
3932	0.6539375
3933	0.655625
3934	0.65375
3935	0.653625
3936	0.6548125
3937	0.65625
3938	0.6558125
3939	0.657125
3940	0.6581875
3941	0.6570625
3942	0.656625
3943	0.658125
3944	0.6575
3945	0.6574375
3946	0.6578125
3947	0.6593125
3948	0.659375
3949	0.661
3950	0.661375
3951	0.6650625
3952	0.6608125
3953	0.662
3954	0.661375
3955	0.660625
3956	0.66075
3957	0.661125
3958	0.6611875
3959	0.66125
3960	0.6605
3961	0.6605625
3962	0.6601875
3963	0.6599375
3964	0.6594375
3965	0.6610625
3966	0.66175
3967	0.662
3968	0.662125
3969	0.6600625
3970	0.66125
3971	0.6591875
3972	0.661625
3973	0.660375
3974	0.6618125
3975	0.66175
3976	0.661625
3977	0.6603125
3978	0.6584375
3979	0.6608125
3980	0.66
3981	0.6595625
3982	0.6586875
3983	0.6588125
3984	0.6588125
3985	0.6585
3986	0.6549375
3987	0.656875
3988	0.6563125
3989	0.6560625
3990	0.6573125
3991	0.656125
3992	0.655625
3993	0.656
3994	0.6561875
3995	0.6570625
3996	0.65725
3997	0.656625
3998	0.6538125
3999	0.6569375
4000	0.653375
4001	0.651125
4002	0.65
4003	0.6515625
4004	0.6511875
4005	0.651875
4006	0.652
4007	0.65175
4008	0.652125
4009	0.6529375
4010	0.6514375
4011	0.65025
4012	0.650375
4013	0.6506875
4014	0.6515
4015	0.650375
4016	0.6515625
4017	0.64925
4018	0.6496875
4019	0.65025
4020	0.6523125
4021	0.649875
4022	0.648
4023	0.65
4024	0.6515
4025	0.6521875
4026	0.652125
4027	0.653
4028	0.6536875
4029	0.6528125
4030	0.655
4031	0.6548125
4032	0.6551875
4033	0.652125
4034	0.6516875
4035	0.651125
4036	0.6523125
4037	0.65225
4038	0.6521875
4039	0.6494375
4040	0.64875
4041	0.6469375
4042	0.6505
4043	0.6508125
4044	0.6514375
4045	0.6506875
4046	0.649375
4047	0.6515625
4048	0.6523125
4049	0.64975
4050	0.650625
4051	0.6518125
4052	0.653125
4053	0.6540625
4054	0.6550625
4055	0.655125
4056	0.6565625
4057	0.6556875
4058	0.655
4059	0.654125
4060	0.65375
4061	0.6549375
4062	0.6550625
4063	0.6541875
4064	0.6525
4065	0.6529375
4066	0.6550625
4067	0.655
4068	0.6553125
4069	0.656625
4070	0.6559375
4071	0.656875
4072	0.6575
4073	0.6554375
4074	0.6525625
4075	0.6549375
4076	0.6549375
4077	0.6556875
4078	0.654375
4079	0.6535
4080	0.6536875
4081	0.65475
4082	0.6540625
4083	0.6551875
4084	0.654375
4085	0.6529375
4086	0.653625
4087	0.6520625
4088	0.6505625
4089	0.651125
4090	0.6501875
4091	0.6481875
4092	0.6465
4093	0.647875
4094	0.6479375
4095	0.647
4096	0.64625
4097	0.6458125
4098	0.645625
4099	0.6450625
4100	0.645125
4101	0.6451875
4102	0.644375
4103	0.645
4104	0.6458125
4105	0.645625
4106	0.6434375
4107	0.645
4108	0.6453125
4109	0.6469375
4110	0.6474375
4111	0.6478125
4112	0.64575
4113	0.6464375
4114	0.6470625
4115	0.643375
4116	0.644
4117	0.6451875
4118	0.6428125
4119	0.6454375
4120	0.6473125
4121	0.64575
4122	0.6483125
4123	0.6469375
4124	0.648625
4125	0.647875
4126	0.64775
4127	0.6498125
4128	0.6478125
4129	0.646125
4130	0.647
4131	0.6443125
4132	0.6456875
4133	0.6473125
4134	0.6476875
4135	0.647625
4136	0.64825
4137	0.6475
4138	0.6461875
4139	0.6453125
4140	0.6464375
4141	0.6471875
4142	0.64525
4143	0.645875
4144	0.646
4145	0.6470625
4146	0.6463125
4147	0.64525
4148	0.64425
4149	0.6434375
4150	0.645875
4151	0.644625
4152	0.6440625
4153	0.6425
4154	0.6433125
4155	0.6450625
4156	0.6438125
4157	0.64175
4158	0.6419375
4159	0.64175
4160	0.6413125
4161	0.6399375
4162	0.639
4163	0.6426875
4164	0.6404375
4165	0.6396875
4166	0.6379375
4167	0.6394375
4168	0.640125
4169	0.6408125
4170	0.640625
4171	0.6410625
4172	0.6416875
4173	0.6441875
4174	0.6439375
4175	0.6429375
4176	0.6438125
4177	0.643625
4178	0.642375
4179	0.642875
4180	0.6424375
4181	0.643375
4182	0.645625
4183	0.6430625
4184	0.643625
4185	0.6448125
4186	0.6435625
4187	0.642875
4188	0.6423125
4189	0.6445625
4190	0.6456875
4191	0.6465625
4192	0.645875
4193	0.646375
4194	0.64875
4195	0.647625
4196	0.6486875
4197	0.6474375
4198	0.6455625
4199	0.64575
4200	0.645
4201	0.6455625
4202	0.6441875
4203	0.6423125
4204	0.6460625
4205	0.646875
4206	0.6449375
4207	0.6465625
4208	0.649375
4209	0.6491875
4210	0.6513125
4211	0.651125
4212	0.6526875
4213	0.6529375
4214	0.6556875
4215	0.654375
4216	0.6538125
4217	0.6541875
4218	0.655625
4219	0.655875
4220	0.6569375
4221	0.6545
4222	0.6544375
4223	0.65225
4224	0.6515625
4225	0.653125
4226	0.6513125
4227	0.6520625
4228	0.6511875
4229	0.6514375
4230	0.6530625
4231	0.6530625
4232	0.654
4233	0.6534375
4234	0.653
4235	0.6555
4236	0.65275
4237	0.6536875
4238	0.6533125
4239	0.6535625
4240	0.654375
4241	0.654875
4242	0.65375
4243	0.655625
4244	0.6565
4245	0.656
4246	0.6583125
4247	0.657875
4248	0.6580625
4249	0.6570625
4250	0.6561875
4251	0.655
4252	0.656625
4253	0.6566875
4254	0.6593125
4255	0.658375
4256	0.6569375
4257	0.657125
4258	0.6543125
4259	0.6535625
4260	0.6540625
4261	0.65625
4262	0.657
4263	0.6559375
4264	0.6560625
4265	0.655375
4266	0.6564375
4267	0.6564375
4268	0.6585
4269	0.6593125
4270	0.6553125
4271	0.655375
4272	0.6558125
4273	0.655375
4274	0.6545625
4275	0.6545
4276	0.6538125
4277	0.654625
4278	0.6536875
4279	0.6551875
4280	0.6584375
4281	0.655875
4282	0.655625
4283	0.6570625
4284	0.6559375
4285	0.6541875
4286	0.653
4287	0.6531875
4288	0.654625
4289	0.6545
4290	0.656625
4291	0.656375
4292	0.6549375
4293	0.654625
4294	0.6565
4295	0.6540625
4296	0.655625
4297	0.6540625
4298	0.6546875
4299	0.655875
4300	0.6545625
4301	0.65425
4302	0.654125
4303	0.6545
4304	0.6543125
4305	0.6546875
4306	0.653375
4307	0.6508125
4308	0.651
4309	0.651125
4310	0.6498125
4311	0.6500625
4312	0.647625
4313	0.6499375
4314	0.650625
4315	0.652
4316	0.6511875
4317	0.6525
4318	0.65225
4319	0.65075
4320	0.6518125
4321	0.653
4322	0.6525
4323	0.6515625
4324	0.6529375
4325	0.6549375
4326	0.6534375
4327	0.6525625
4328	0.6516875
4329	0.6516875
4330	0.654125
4331	0.65425
4332	0.6553125
4333	0.653875
4334	0.6534375
4335	0.65325
4336	0.6548125
4337	0.65525
4338	0.6553125
4339	0.655625
4340	0.6571875
4341	0.65425
4342	0.6538125
4343	0.655
4344	0.654625
4345	0.6540625
4346	0.652375
4347	0.655625
4348	0.655875
4349	0.653625
4350	0.65325
4351	0.6529375
4352	0.6539375
4353	0.6570625
4354	0.6555
4355	0.6555625
4356	0.6560625
4357	0.6558125
4358	0.6543125
4359	0.654125
4360	0.6546875
4361	0.6543125
4362	0.653875
4363	0.65375
4364	0.655
4365	0.6559375
4366	0.6586875
4367	0.659
4368	0.65975
4369	0.6578125
4370	0.65725
4371	0.6550625
4372	0.655375
4373	0.6554375
4374	0.654
4375	0.6545625
4376	0.65425
4377	0.6528125
4378	0.6521875
4379	0.6515
4380	0.6521875
4381	0.6540625
4382	0.6568125
4383	0.6569375
4384	0.6560625
4385	0.6579375
4386	0.658875
4387	0.65825
4388	0.658875
4389	0.6611875
4390	0.66275
4391	0.6636875
4392	0.662375
4393	0.6614375
4394	0.6608125
4395	0.662125
4396	0.6610625
4397	0.6604375
4398	0.66025
4399	0.659125
4400	0.6583125
4401	0.6590625
4402	0.65875
4403	0.65975
4404	0.6604375
4405	0.66
4406	0.6593125
4407	0.66
4408	0.6616875
4409	0.662125
4410	0.6599375
4411	0.660125
4412	0.6605625
4413	0.66
4414	0.66075
4415	0.6605625
4416	0.66125
4417	0.66075
4418	0.660875
4419	0.65975
4420	0.660375
4421	0.659875
4422	0.660375
4423	0.6575625
4424	0.66075
4425	0.661
4426	0.6625
4427	0.662375
4428	0.6628125
4429	0.66375
4430	0.6623125
4431	0.6600625
4432	0.6575
4433	0.6573125
4434	0.656375
4435	0.657625
4436	0.65625
4437	0.656
4438	0.65525
4439	0.6566875
4440	0.6578125
4441	0.6574375
4442	0.6578125
4443	0.6588125
4444	0.658375
4445	0.6570625
4446	0.6556875
4447	0.6569375
4448	0.6574375
4449	0.6554375
4450	0.6558125
4451	0.658125
4452	0.65725
4453	0.6574375
4454	0.6570625
4455	0.657375
4456	0.656875
4457	0.657375
4458	0.6573125
4459	0.658125
4460	0.6600625
4461	0.6585
4462	0.6579375
4463	0.6585625
4464	0.6583125
4465	0.65825
4466	0.657375
4467	0.659875
4468	0.6591875
4469	0.6586875
4470	0.66075
4471	0.661625
4472	0.66175
4473	0.6596875
4474	0.6605
4475	0.6615625
4476	0.6628125
4477	0.6631875
4478	0.6635
4479	0.6638125
4480	0.661625
4481	0.662625
4482	0.661
4483	0.661
4484	0.6616875
4485	0.6610625
4486	0.660375
4487	0.6603125
4488	0.6593125
4489	0.66225
4490	0.6606875
4491	0.66125
4492	0.6623125
4493	0.6628125
4494	0.6618125
4495	0.6621875
4496	0.66025
4497	0.66075
4498	0.659375
4499	0.66
4500	0.6596875
4501	0.65725
4502	0.6596875
4503	0.656125
4504	0.658625
4505	0.656875
4506	0.658375
4507	0.658625
4508	0.65675
4509	0.6580625
4510	0.6578125
4511	0.6608125
4512	0.657625
4513	0.658875
4514	0.6579375
4515	0.65875
4516	0.6584375
4517	0.6569375
4518	0.6578125
4519	0.658125
4520	0.658375
4521	0.6556875
4522	0.6568125
4523	0.655875
4524	0.654125
4525	0.6550625
4526	0.6556875
4527	0.6555625
4528	0.653
4529	0.653375
4530	0.6519375
4531	0.652875
4532	0.6510625
4533	0.6531875
4534	0.651875
4535	0.6533125
4536	0.654125
4537	0.656125
4538	0.6554375
4539	0.65375
4540	0.6539375
4541	0.6544375
4542	0.6558125
4543	0.652
4544	0.650125
4545	0.652125
4546	0.6508125
4547	0.6496875
4548	0.6506875
4549	0.65075
4550	0.65
4551	0.65075
4552	0.65075
4553	0.6519375
4554	0.65275
4555	0.6520625
4556	0.649125
4557	0.6520625
4558	0.6536875
4559	0.6531875
4560	0.6530625
4561	0.65425
4562	0.6531875
4563	0.6519375
4564	0.6540625
4565	0.6535
4566	0.65275
4567	0.6535625
4568	0.653
4569	0.655
4570	0.6563125
4571	0.6559375
4572	0.65575
4573	0.6550625
4574	0.6538125
4575	0.6521875
4576	0.6536875
4577	0.6520625
4578	0.6565625
4579	0.654875
4580	0.6548125
4581	0.6545625
4582	0.6549375
4583	0.654
4584	0.6525625
4585	0.6559375
4586	0.6554375
4587	0.6543125
4588	0.6568125
4589	0.6570625
4590	0.6548125
4591	0.65625
4592	0.657625
4593	0.657
4594	0.6576875
4595	0.65675
4596	0.6564375
4597	0.6554375
4598	0.655125
4599	0.6533125
4600	0.6525
4601	0.653125
4602	0.65325
4603	0.6526875
4604	0.6546875
4605	0.65625
4606	0.655125
4607	0.65575
4608	0.657375
4609	0.6565
4610	0.654875
4611	0.65625
4612	0.656
4613	0.65375
4614	0.6545
4615	0.6530625
4616	0.6534375
4617	0.6548125
4618	0.6535
4619	0.6521875
4620	0.6520625
4621	0.651
4622	0.6514375
4623	0.6523125
4624	0.6511875
4625	0.6505
4626	0.6519375
4627	0.652125
4628	0.6528125
4629	0.650125
4630	0.65075
4631	0.6495625
4632	0.6514375
4633	0.651125
4634	0.652375
4635	0.64825
4636	0.6488125
4637	0.650125
4638	0.649125
4639	0.649625
4640	0.6510625
4641	0.6519375
4642	0.651375
4643	0.650875
4644	0.6508125
4645	0.653
4646	0.6498125
4647	0.6534375
4648	0.6511875
4649	0.6485625
4650	0.64925
4651	0.648125
4652	0.65025
4653	0.648875
4654	0.6493125
4655	0.648125
4656	0.6475
4657	0.6481875
4658	0.651
4659	0.650125
4660	0.6515625
4661	0.6489375
4662	0.65075
4663	0.6514375
4664	0.65425
4665	0.6525625
4666	0.652875
4667	0.6535
4668	0.655
4669	0.6548125
4670	0.6555625
4671	0.65375
4672	0.6575
4673	0.6565
4674	0.6559375
4675	0.65475
4676	0.6533125
4677	0.6540625
4678	0.6541875
4679	0.6569375
4680	0.6575625
4681	0.6568125
4682	0.6571875
4683	0.6584375
4684	0.658125
4685	0.6563125
4686	0.6573125
4687	0.65825
4688	0.654625
4689	0.6548125
4690	0.654375
4691	0.652375
4692	0.654625
4693	0.6555625
4694	0.6549375
4695	0.6556875
4696	0.6568125
4697	0.6573125
4698	0.65525
4699	0.65575
4700	0.654625
4701	0.654625
4702	0.656875
4703	0.6576875
4704	0.656125
4705	0.65625
4706	0.65475
4707	0.6545
4708	0.65725
4709	0.6561875
4710	0.65675
4711	0.65525
4712	0.654875
4713	0.6560625
4714	0.6594375
4715	0.6594375
4716	0.659125
4717	0.660625
4718	0.6615625
4719	0.6613125
4720	0.6625625
4721	0.6593125
4722	0.659
4723	0.659
4724	0.6598125
4725	0.65925
4726	0.657625
4727	0.6576875
4728	0.6581875
4729	0.6589375
4730	0.6605625
4731	0.660875
4732	0.6599375
4733	0.660625
4734	0.6601875
4735	0.661375
4736	0.661125
4737	0.6616875
4738	0.66175
4739	0.66125
4740	0.660875
4741	0.659625
4742	0.6601875
4743	0.66175
4744	0.659625
4745	0.660875
4746	0.6609375
4747	0.659875
4748	0.659375
4749	0.6595625
4750	0.658125
4751	0.6575
4752	0.6599375
4753	0.6614375
4754	0.66175
4755	0.660375
4756	0.658625
4757	0.6595
4758	0.6573125
4759	0.6578125
4760	0.659
4761	0.6583125
4762	0.6603125
4763	0.6598125
4764	0.65975
4765	0.65775
4766	0.656
4767	0.6580625
4768	0.6568125
4769	0.6560625
4770	0.656625
4771	0.656
4772	0.6566875
4773	0.659375
4774	0.6594375
4775	0.6579375
4776	0.6565
4777	0.655125
4778	0.658125
4779	0.6571875
4780	0.6569375
4781	0.6575625
4782	0.65825
4783	0.6583125
4784	0.6595625
4785	0.659125
4786	0.65825
4787	0.6591875
4788	0.66025
4789	0.6593125
4790	0.6601875
4791	0.6610625
4792	0.6590625
4793	0.6590625
4794	0.6614375
4795	0.661125
4796	0.662625
4797	0.6608125
4798	0.6624375
4799	0.6619375
4800	0.66375
4801	0.663875
4802	0.6636875
4803	0.664375
4804	0.6655
4805	0.6639375
4806	0.6656875
4807	0.6650625
4808	0.6666875
4809	0.6671875
4810	0.66725
4811	0.667
4812	0.6700625
4813	0.671375
4814	0.673125
4815	0.6730625
4816	0.6710625
4817	0.6700625
4818	0.66975
4819	0.6715
4820	0.6729375
4821	0.6725
4822	0.671125
4823	0.6711875
4824	0.671625
4825	0.672875
4826	0.6731875
4827	0.67225
4828	0.6720625
4829	0.672
4830	0.6709375
4831	0.6725
4832	0.669
4833	0.66925
4834	0.6678125
4835	0.66825
4836	0.666875
4837	0.6685625
4838	0.667875
4839	0.670375
4840	0.668375
4841	0.6683125
4842	0.6688125
4843	0.6695
4844	0.670375
4845	0.6705625
4846	0.6710625
4847	0.671875
4848	0.6719375
4849	0.6700625
4850	0.6703125
4851	0.6689375
4852	0.6696875
4853	0.6693125
4854	0.66875
4855	0.6673125
4856	0.6675625
4857	0.667875
4858	0.6649375
4859	0.6646875
4860	0.666125
4861	0.665375
4862	0.6669375
4863	0.6685625
4864	0.6706875
4865	0.6703125
4866	0.6691875
4867	0.669125
4868	0.669375
4869	0.6700625
4870	0.67
4871	0.6700625
4872	0.6678125
4873	0.667625
4874	0.667625
4875	0.670125
4876	0.6674375
4877	0.6671875
4878	0.6700625
4879	0.6691875
4880	0.669875
4881	0.6699375
4882	0.6694375
4883	0.6704375
4884	0.6688125
4885	0.66925
4886	0.668
4887	0.6685625
4888	0.67025
4889	0.66925
4890	0.6694375
4891	0.67175
4892	0.671125
4893	0.67225
4894	0.671875
4895	0.671375
4896	0.669625
4897	0.6703125
4898	0.671625
4899	0.67125
4900	0.6718125
4901	0.6725
4902	0.672625
4903	0.6730625
4904	0.6711875
4905	0.674
4906	0.6726875
4907	0.67125
4908	0.67
4909	0.6718125
4910	0.672125
4911	0.6735
4912	0.675375
4913	0.674
4914	0.6755625
4915	0.674875
4916	0.673125
4917	0.673375
4918	0.671375
4919	0.6694375
4920	0.67075
4921	0.6705
4922	0.6706875
4923	0.6706875
4924	0.669625
4925	0.6705625
4926	0.6706875
4927	0.6714375
4928	0.67175
4929	0.6708125
4930	0.6706875
4931	0.66925
4932	0.6694375
4933	0.668625
4934	0.6676875
4935	0.6656875
4936	0.6675625
4937	0.6673125
4938	0.6675
4939	0.6661875
4940	0.6683125
4941	0.6680625
4942	0.6685
4943	0.668375
4944	0.6701875
4945	0.66925
4946	0.6708125
4947	0.6715625
4948	0.669875
4949	0.671375
4950	0.670125
4951	0.668375
4952	0.6675625
4953	0.6695625
4954	0.6700625
4955	0.665875
4956	0.66725
4957	0.6666875
4958	0.6669375
4959	0.668875
4960	0.6701875
4961	0.67075
4962	0.6715625
4963	0.670625
4964	0.669
4965	0.6701875
4966	0.6705
4967	0.6706875
4968	0.6665625
4969	0.6695
4970	0.6699375
4971	0.6701875
4972	0.6703125
4973	0.6693125
4974	0.6703125
4975	0.6683125
4976	0.6680625
4977	0.6695625
4978	0.6695
4979	0.6689375
4980	0.67
4981	0.667875
4982	0.6669375
4983	0.66675
4984	0.6655
4985	0.666375
4986	0.6650625
4987	0.6654375
4988	0.666875
4989	0.6658125
4990	0.665125
4991	0.66525
4992	0.6666875
4993	0.665875
4994	0.6660625
4995	0.666625
4996	0.6673125
4997	0.6646875
4998	0.6655625
4999	0.663375
