0	0.0649375
1	0.06425
2	0.0640625
3	0.0681875
4	0.070125
5	0.0703125
6	0.0725625
7	0.076375
8	0.0808125
9	0.084625
10	0.086875
11	0.09275
12	0.09625
13	0.0983125
14	0.1010625
15	0.09975
16	0.104125
17	0.10825
18	0.108
19	0.110875
20	0.11375
21	0.117625
22	0.1184375
23	0.1196875
24	0.1198125
25	0.1236875
26	0.123625
27	0.127125
28	0.130125
29	0.1271875
30	0.13025
31	0.1360625
32	0.1388125
33	0.1421875
34	0.144625
35	0.1474375
36	0.1488125
37	0.149125
38	0.153125
39	0.1566875
40	0.1580625
41	0.158125
42	0.1596875
43	0.1629375
44	0.164625
45	0.1669375
46	0.16875
47	0.16875
48	0.17375
49	0.1750625
50	0.1740625
51	0.1775
52	0.1785
53	0.1776875
54	0.1818125
55	0.184125
56	0.1821875
57	0.186875
58	0.1875625
59	0.1896875
60	0.1906875
61	0.189875
62	0.1975625
63	0.1980625
64	0.1995
65	0.1995625
66	0.20525
67	0.203875
68	0.204375
69	0.208375
70	0.2098125
71	0.209875
72	0.209875
73	0.2113125
74	0.2153125
75	0.2130625
76	0.2140625
77	0.2143125
78	0.2191875
79	0.2193125
80	0.218875
81	0.2190625
82	0.221
83	0.22325
84	0.2274375
85	0.2298125
86	0.2268125
87	0.2284375
88	0.2293125
89	0.228875
90	0.2298125
91	0.2305625
92	0.2343125
93	0.23525
94	0.238375
95	0.237875
96	0.2410625
97	0.2438125
98	0.247125
99	0.245875
100	0.2475625
101	0.248
102	0.249125
103	0.246875
104	0.2470625
105	0.245125
106	0.24425
107	0.24325
108	0.2445
109	0.24625
110	0.2484375
111	0.251
112	0.2521875
113	0.254375
114	0.2555
115	0.2589375
116	0.260625
117	0.262375
118	0.2623125
119	0.26275
120	0.263
121	0.26175
122	0.266625
123	0.266375
124	0.2683125
125	0.268125
126	0.269875
127	0.27
128	0.272
129	0.2709375
130	0.2721875
131	0.2705
132	0.2746875
133	0.278375
134	0.2785625
135	0.2795
136	0.280625
137	0.2834375
138	0.282875
139	0.2844375
140	0.2848125
141	0.284125
142	0.286125
143	0.286875
144	0.28825
145	0.2911875
146	0.292125
147	0.291125
148	0.29125
149	0.295375
150	0.2966875
151	0.2929375
152	0.29375
153	0.29225
154	0.297
155	0.2971875
156	0.3001875
157	0.30175
158	0.3011875
159	0.2998125
160	0.300875
161	0.3064375
162	0.304875
163	0.3053125
164	0.305375
165	0.3055
166	0.30575
167	0.3040625
168	0.3056875
169	0.307125
170	0.3088125
171	0.3111875
172	0.3118125
173	0.3104375
174	0.311875
175	0.3138125
176	0.3138125
177	0.312875
178	0.3136875
179	0.3165625
180	0.3165625
181	0.3185625
182	0.318875
183	0.316875
184	0.3174375
185	0.318625
186	0.3184375
187	0.319375
188	0.3191875
189	0.318625
190	0.319625
191	0.31975
192	0.319125
193	0.3183125
194	0.3209375
195	0.321625
196	0.3241875
197	0.3245
198	0.3235625
199	0.3259375
200	0.3256875
201	0.3264375
202	0.3284375
203	0.328875
204	0.33025
205	0.331375
206	0.3295
207	0.3345
208	0.33375
209	0.33475
210	0.336125
211	0.33675
212	0.33875
213	0.3398125
214	0.3405
215	0.3406875
216	0.3423125
217	0.3426875
218	0.345
219	0.344375
220	0.344
221	0.344125
222	0.3444375
223	0.344625
224	0.343875
225	0.347
226	0.3459375
227	0.3448125
228	0.345
229	0.34575
230	0.347875
231	0.348625
232	0.3485
233	0.34975
234	0.3515
235	0.351875
236	0.35125
237	0.35225
238	0.356125
239	0.3551875
240	0.3550625
241	0.356875
242	0.358875
243	0.3585625
244	0.35975
245	0.3588125
246	0.3626875
247	0.36125
248	0.359125
249	0.358125
250	0.358375
251	0.3575
252	0.36
253	0.3605625
254	0.3623125
255	0.361125
256	0.3655
257	0.366125
258	0.3654375
259	0.367625
260	0.365125
261	0.367125
262	0.36725
263	0.366375
264	0.3671875
265	0.367625
266	0.36675
267	0.367375
268	0.3669375
269	0.3688125
270	0.36725
271	0.3676875
272	0.369125
273	0.3694375
274	0.369
275	0.3693125
276	0.369875
277	0.3695
278	0.370375
279	0.371
280	0.3739375
281	0.3748125
282	0.3765
283	0.377
284	0.379125
285	0.3784375
286	0.3788125
287	0.380125
288	0.379375
289	0.3785
290	0.3795
291	0.379
292	0.380125
293	0.379125
294	0.37725
295	0.3791875
296	0.381
297	0.3796875
298	0.382
299	0.3849375
300	0.3835
301	0.382875
302	0.38475
303	0.3835
304	0.3853125
305	0.38175
306	0.38675
307	0.3874375
308	0.3891875
309	0.389625
310	0.3861875
311	0.3885
312	0.39075
313	0.3898125
314	0.3923125
315	0.392125
316	0.394375
317	0.3925
318	0.393375
319	0.3950625
320	0.396125
321	0.3975625
322	0.396125
323	0.3953125
324	0.3954375
325	0.39725
326	0.39875
327	0.3995
328	0.3980625
329	0.3991875
330	0.4019375
331	0.3990625
332	0.399
333	0.4005
334	0.4026875
335	0.403375
336	0.404625
337	0.4036875
338	0.4065625
339	0.4060625
340	0.4085625
341	0.4073125
342	0.404125
343	0.4085
344	0.4086875
345	0.4055625
346	0.4054375
347	0.407375
348	0.4098125
349	0.4080625
350	0.4109375
351	0.410125
352	0.4088125
353	0.40975
354	0.4119375
355	0.4120625
356	0.4129375
357	0.4129375
358	0.4121875
359	0.4159375
360	0.4161875
361	0.41375
362	0.41525
363	0.414375
364	0.414125
365	0.41375
366	0.4155
367	0.4170625
368	0.4185625
369	0.4213125
370	0.4218125
371	0.4235
372	0.42325
373	0.4225
374	0.4201875
375	0.4230625
376	0.423875
377	0.424
378	0.4251875
379	0.423625
380	0.42375
381	0.42625
382	0.42575
383	0.4273125
384	0.428
385	0.42825
386	0.4288125
387	0.4279375
388	0.433125
389	0.4358125
390	0.4328125
391	0.4344375
392	0.4346875
393	0.433875
394	0.43425
395	0.435375
396	0.4350625
397	0.435
398	0.4334375
399	0.4331875
400	0.4333125
401	0.43125
402	0.4336875
403	0.4333125
404	0.4354375
405	0.435625
406	0.435375
407	0.4365
408	0.4366875
409	0.4371875
410	0.435125
411	0.4335
412	0.436875
413	0.4355625
414	0.4358125
415	0.4380625
416	0.441375
417	0.441
418	0.43825
419	0.436125
420	0.438375
421	0.4389375
422	0.440125
423	0.441875
424	0.44025
425	0.44
426	0.439625
427	0.4414375
428	0.440875
429	0.4406875
430	0.4403125
431	0.4415
432	0.441
433	0.43975
434	0.441125
435	0.4405625
436	0.4403125
437	0.44125
438	0.4406875
439	0.4430625
440	0.44375
441	0.4463125
442	0.4450625
443	0.443625
444	0.4435
445	0.44525
446	0.4435625
447	0.4430625
448	0.445375
449	0.4449375
450	0.4439375
451	0.445
452	0.447375
453	0.446375
454	0.449875
455	0.44925
456	0.4466875
457	0.4470625
458	0.4469375
459	0.4491875
460	0.447375
461	0.445875
462	0.44825
463	0.4495625
464	0.4503125
465	0.4495
466	0.4496875
467	0.45075
468	0.449
469	0.449875
470	0.4498125
471	0.45075
472	0.4508125
473	0.45
474	0.453625
475	0.4535
476	0.4520625
477	0.4524375
478	0.4496875
479	0.452875
480	0.45175
481	0.4525625
482	0.456875
483	0.4563125
484	0.453
485	0.4534375
486	0.4554375
487	0.4554375
488	0.453625
489	0.458375
490	0.4561875
491	0.458
492	0.457625
493	0.457125
494	0.4595
495	0.458125
496	0.4595625
497	0.460625
498	0.462
499	0.458625
500	0.4599375
501	0.45925
502	0.4613125
503	0.4619375
504	0.46525
505	0.4640625
506	0.4638125
507	0.463375
508	0.462375
509	0.4633125
510	0.4649375
511	0.4655625
512	0.4639375
513	0.462125
514	0.4630625
515	0.463125
516	0.46475
517	0.4639375
518	0.4658125
519	0.46675
520	0.4675625
521	0.4685
522	0.466875
523	0.4666875
524	0.46525
525	0.466875
526	0.46875
527	0.4674375
528	0.4661875
529	0.4649375
530	0.465125
531	0.4645625
532	0.4645625
533	0.4663125
534	0.467
535	0.4678125
536	0.4645
537	0.463875
538	0.46425
539	0.4676875
540	0.4659375
541	0.46625
542	0.4656875
543	0.465625
544	0.468375
545	0.467875
546	0.470125
547	0.4695625
548	0.4695
549	0.4700625
550	0.4699375
551	0.4691875
552	0.4713125
553	0.4709375
554	0.4729375
555	0.472
556	0.47275
557	0.472125
558	0.474875
559	0.473625
560	0.472
561	0.4739375
562	0.4721875
563	0.4745625
564	0.4736875
565	0.474875
566	0.47225
567	0.4704375
568	0.471625
569	0.4721875
570	0.4743125
571	0.4735625
572	0.475
573	0.475125
574	0.47525
575	0.4765625
576	0.47175
577	0.4735
578	0.4755
579	0.4756875
580	0.473875
581	0.4736875
582	0.4728125
583	0.47275
584	0.4709375
585	0.4729375
586	0.47375
587	0.4764375
588	0.47975
589	0.4778125
590	0.4771875
591	0.479
592	0.48
593	0.47925
594	0.4798125
595	0.4829375
596	0.4794375
597	0.4806875
598	0.478625
599	0.47925
600	0.4806875
601	0.4785
602	0.4794375
603	0.477125
604	0.4793125
605	0.4755625
606	0.4784375
607	0.475
608	0.4790625
609	0.4770625
610	0.4755625
611	0.4755
612	0.4761875
613	0.4768125
614	0.4778125
615	0.4785625
616	0.480625
617	0.4755
618	0.477
619	0.4773125
620	0.479375
621	0.480375
622	0.478625
623	0.4790625
624	0.477875
625	0.478375
626	0.47775
627	0.47875
628	0.478125
629	0.48
630	0.4800625
631	0.481
632	0.48075
633	0.4815625
634	0.4825
635	0.4811875
636	0.48
637	0.4818125
638	0.4825625
639	0.481875
640	0.4810625
641	0.4805
642	0.47975
643	0.479375
644	0.4803125
645	0.480375
646	0.4810625
647	0.4821875
648	0.48375
649	0.484875
650	0.4850625
651	0.485625
652	0.485875
653	0.4891875
654	0.4885
655	0.48875
656	0.4881875
657	0.49
658	0.48875
659	0.4885
660	0.489375
661	0.4923125
662	0.48975
663	0.489875
664	0.4920625
665	0.494625
666	0.4951875
667	0.494
668	0.4956875
669	0.4963125
670	0.4956875
671	0.4966875
672	0.496625
673	0.4976875
674	0.4978125
675	0.496375
676	0.494375
677	0.492375
678	0.493125
679	0.4963125
680	0.495
681	0.4971875
682	0.4965625
683	0.497625
684	0.4975625
685	0.4985
686	0.497625
687	0.499875
688	0.5000625
689	0.501
690	0.5006875
691	0.4991875
692	0.496875
693	0.49525
694	0.4944375
695	0.496
696	0.49525
697	0.4961875
698	0.497
699	0.4958125
700	0.497625
701	0.4974375
702	0.4984375
703	0.4986875
704	0.5004375
705	0.5035625
706	0.504125
707	0.50175
708	0.5019375
709	0.5016875
710	0.5004375
711	0.501375
712	0.498875
713	0.50075
714	0.4990625
715	0.499875
716	0.5020625
717	0.5001875
718	0.5024375
719	0.5018125
720	0.5014375
721	0.501875
722	0.502375
723	0.503
724	0.50175
725	0.502125
726	0.504875
727	0.5054375
728	0.503375
729	0.50175
730	0.5029375
731	0.5049375
732	0.5040625
733	0.50425
734	0.5025
735	0.502375
736	0.5031875
737	0.502875
738	0.5025625
739	0.5035
740	0.5055625
741	0.505875
742	0.5069375
743	0.5055625
744	0.5050625
745	0.506
746	0.5076875
747	0.5075625
748	0.507375
749	0.5104375
750	0.514125
751	0.511875
752	0.51325
753	0.5114375
754	0.512125
755	0.515125
756	0.518375
757	0.515625
758	0.5193125
759	0.5199375
760	0.5184375
761	0.5175
762	0.5196875
763	0.5193125
764	0.518875
765	0.520125
766	0.520625
767	0.5205
768	0.5213125
769	0.52025
770	0.5201875
771	0.519125
772	0.518125
773	0.5199375
774	0.5196875
775	0.51775
776	0.5164375
777	0.518125
778	0.5221875
779	0.520375
780	0.520875
781	0.51925
782	0.5188125
783	0.5193125
784	0.5199375
785	0.520625
786	0.5219375
787	0.5211875
788	0.523
789	0.5206875
790	0.521875
791	0.5188125
792	0.521
793	0.5209375
794	0.5231875
795	0.522125
796	0.5219375
797	0.523625
798	0.524125
799	0.5254375
800	0.5255
801	0.525625
802	0.523125
803	0.52225
804	0.5220625
805	0.5228125
806	0.521875
807	0.5209375
808	0.522125
809	0.522375
810	0.522875
811	0.5238125
812	0.5231875
813	0.523
814	0.52325
815	0.523625
816	0.5221875
817	0.5230625
818	0.522375
819	0.5248125
820	0.523
821	0.524
822	0.5224375
823	0.5230625
824	0.523375
825	0.5238125
826	0.5254375
827	0.5253125
828	0.5240625
829	0.5225625
830	0.52325
831	0.524375
832	0.5251875
833	0.5261875
834	0.5223125
835	0.524
836	0.526625
837	0.525625
838	0.5251875
839	0.52675
840	0.5279375
841	0.527875
842	0.525
843	0.5255625
844	0.5271875
845	0.529
846	0.527
847	0.526
848	0.5249375
849	0.52675
850	0.525
851	0.5275625
852	0.52575
853	0.5254375
854	0.527125
855	0.528125
856	0.52925
857	0.5310625
858	0.531
859	0.5294375
860	0.5325
861	0.5308125
862	0.5303125
863	0.526
864	0.5265625
865	0.526
866	0.5279375
867	0.529125
868	0.53
869	0.5279375
870	0.5283125
871	0.52925
872	0.52975
873	0.5288125
874	0.5309375
875	0.5296875
876	0.5296875
877	0.5295625
878	0.529625
879	0.52825
880	0.52775
881	0.526875
882	0.5265625
883	0.5265625
884	0.52775
885	0.527375
886	0.5264375
887	0.527125
888	0.52625
889	0.52675
890	0.5265
891	0.5280625
892	0.528375
893	0.5306875
894	0.5305
895	0.528875
896	0.5285
897	0.5295
898	0.5289375
899	0.528625
900	0.5283125
901	0.5269375
902	0.52825
903	0.5284375
904	0.5310625
905	0.533125
906	0.5335
907	0.5336875
908	0.533375
909	0.531
910	0.53275
911	0.5333125
912	0.5335625
913	0.534
914	0.53325
915	0.5316875
916	0.5298125
917	0.5315
918	0.5324375
919	0.5328125
920	0.5316875
921	0.534125
922	0.5360625
923	0.533125
924	0.5301875
925	0.532625
926	0.5305
927	0.5334375
928	0.5323125
929	0.532875
930	0.5316875
931	0.53325
932	0.531375
933	0.531375
934	0.5326875
935	0.532875
936	0.534125
937	0.5333125
938	0.5316875
939	0.5326875
940	0.5325625
941	0.5334375
942	0.5344375
943	0.533875
944	0.5348125
945	0.53475
946	0.5365625
947	0.5355625
948	0.536
949	0.5361875
950	0.53375
951	0.5345625
952	0.5353125
953	0.5369375
954	0.53775
955	0.5374375
956	0.53675
957	0.536625
958	0.5336875
959	0.5345625
960	0.5365
961	0.537125
962	0.5375
963	0.5384375
964	0.53775
965	0.538
966	0.539625
967	0.5385625
968	0.537375
969	0.538375
970	0.54
971	0.539875
972	0.540625
973	0.5400625
974	0.539125
975	0.5376875
976	0.5374375
977	0.5405
978	0.539625
979	0.5395625
980	0.538625
981	0.5389375
982	0.5388125
983	0.53875
984	0.5386875
985	0.5383125
986	0.538125
987	0.5386875
988	0.542375
989	0.53875
990	0.539125
991	0.5354375
992	0.5354375
993	0.53525
994	0.5335
995	0.5354375
996	0.5340625
997	0.53425
998	0.5361875
999	0.536
1000	0.5364375
1001	0.5363125
1002	0.5355625
1003	0.5348125
1004	0.5348125
1005	0.5356875
1006	0.53725
1007	0.5369375
1008	0.53575
1009	0.5354375
1010	0.537875
1011	0.538125
1012	0.5386875
1013	0.5386875
1014	0.5384375
1015	0.5381875
1016	0.5359375
1017	0.5355
1018	0.5361875
1019	0.5371875
1020	0.537125
1021	0.5394375
1022	0.539
1023	0.53975
1024	0.537875
1025	0.538625
1026	0.5399375
1027	0.537125
1028	0.5381875
1029	0.539625
1030	0.5373125
1031	0.5368125
1032	0.5365
1033	0.5355625
1034	0.5368125
1035	0.53775
1036	0.537875
1037	0.53825
1038	0.536875
1039	0.5381875
1040	0.5378125
1041	0.536375
1042	0.5375625
1043	0.5386875
1044	0.539625
1045	0.538125
1046	0.53975
1047	0.541375
1048	0.5385
1049	0.5414375
1050	0.542125
1051	0.5415
1052	0.541375
1053	0.541125
1054	0.5418125
1055	0.54175
1056	0.544375
1057	0.5438125
1058	0.54625
1059	0.5449375
1060	0.545375
1061	0.5443125
1062	0.544875
1063	0.54675
1064	0.54825
1065	0.5458125
1066	0.5445
1067	0.5450625
1068	0.5450625
1069	0.545
1070	0.543625
1071	0.54325
1072	0.5451875
1073	0.5435625
1074	0.5439375
1075	0.545625
1076	0.5475
1077	0.5469375
1078	0.5479375
1079	0.5484375
1080	0.5489375
1081	0.5474375
1082	0.5488125
1083	0.5488125
1084	0.5471875
1085	0.5469375
1086	0.54825
1087	0.5495
1088	0.549125
1089	0.5495625
1090	0.5481875
1091	0.5496875
1092	0.551625
1093	0.55
1094	0.55225
1095	0.5510625
1096	0.55175
1097	0.55125
1098	0.550375
1099	0.5493125
1100	0.5481875
1101	0.5503125
1102	0.5496875
1103	0.5514375
1104	0.55
1105	0.550125
1106	0.5499375
1107	0.5509375
1108	0.5510625
1109	0.5511875
1110	0.5526875
1111	0.552
1112	0.554
1113	0.554875
1114	0.5563125
1115	0.5568125
1116	0.55525
1117	0.553875
1118	0.5525
1119	0.555
1120	0.5560625
1121	0.55675
1122	0.5563125
1123	0.5575
1124	0.5553125
1125	0.5544375
1126	0.554875
1127	0.557375
1128	0.55975
1129	0.559875
1130	0.5594375
1131	0.5595625
1132	0.558625
1133	0.5585
1134	0.5589375
1135	0.5606875
1136	0.559
1137	0.56
1138	0.5596875
1139	0.5609375
1140	0.56125
1141	0.5615625
1142	0.56175
1143	0.56
1144	0.5615
1145	0.562125
1146	0.562625
1147	0.5605
1148	0.56075
1149	0.56
1150	0.5599375
1151	0.5623125
1152	0.5608125
1153	0.5599375
1154	0.5573125
1155	0.558375
1156	0.558625
1157	0.55975
1158	0.5595
1159	0.5579375
1160	0.5576875
1161	0.5588125
1162	0.559125
1163	0.5600625
1164	0.55975
1165	0.559875
1166	0.55975
1167	0.5596875
1168	0.5595625
1169	0.5594375
1170	0.557875
1171	0.5585625
1172	0.55825
1173	0.56
1174	0.557375
1175	0.557
1176	0.556125
1177	0.5575
1178	0.55875
1179	0.5588125
1180	0.5571875
1181	0.5583125
1182	0.5585
1183	0.558625
1184	0.5594375
1185	0.5625625
1186	0.5613125
1187	0.561125
1188	0.5616875
1189	0.5605
1190	0.562
1191	0.56125
1192	0.561875
1193	0.56175
1194	0.5625
1195	0.564875
1196	0.565375
1197	0.566375
1198	0.5666875
1199	0.5674375
1200	0.568375
1201	0.5688125
1202	0.570375
1203	0.5678125
1204	0.56775
1205	0.56775
1206	0.5686875
1207	0.57
1208	0.570875
1209	0.571
1210	0.57125
1211	0.5669375
1212	0.5663125
1213	0.5690625
1214	0.5679375
1215	0.567125
1216	0.567375
1217	0.5669375
1218	0.567625
1219	0.5675
1220	0.567875
1221	0.567125
1222	0.568125
1223	0.5695625
1224	0.5694375
1225	0.5678125
1226	0.568
1227	0.5685625
1228	0.56725
1229	0.568125
1230	0.565875
1231	0.5679375
1232	0.56725
1233	0.5665625
1234	0.5659375
1235	0.56675
1236	0.5673125
1237	0.5673125
1238	0.56575
1239	0.5651875
1240	0.5660625
1241	0.5628125
1242	0.564125
1243	0.5644375
1244	0.56525
1245	0.5665
1246	0.5655625
1247	0.5660625
1248	0.5654375
1249	0.5654375
1250	0.567
1251	0.566125
1252	0.5655
1253	0.5659375
1254	0.564125
1255	0.56525
1256	0.56475
1257	0.564
1258	0.565875
1259	0.5640625
1260	0.5655
1261	0.5658125
1262	0.567625
1263	0.5690625
1264	0.5700625
1265	0.567625
1266	0.568625
1267	0.5698125
1268	0.5703125
1269	0.57025
1270	0.5684375
1271	0.5691875
1272	0.56675
1273	0.566375
1274	0.5699375
1275	0.569875
1276	0.5683125
1277	0.5685
1278	0.5688125
1279	0.567875
1280	0.569125
1281	0.568875
1282	0.5679375
1283	0.5693125
1284	0.5686875
1285	0.56825
1286	0.5683125
1287	0.569375
1288	0.57
1289	0.5706875
1290	0.57025
1291	0.5710625
1292	0.5710625
1293	0.5728125
1294	0.57225
1295	0.572125
1296	0.5724375
1297	0.5714375
1298	0.571125
1299	0.572625
1300	0.571625
1301	0.5710625
1302	0.5706875
1303	0.5701875
1304	0.57125
1305	0.571625
1306	0.5726875
1307	0.5735625
1308	0.573875
1309	0.57325
1310	0.5738125
1311	0.575875
1312	0.575875
1313	0.5755625
1314	0.5731875
1315	0.572375
1316	0.572375
1317	0.57475
1318	0.5735
1319	0.57325
1320	0.57175
1321	0.5724375
1322	0.572125
1323	0.5719375
1324	0.5731875
1325	0.5725625
1326	0.5730625
1327	0.5740625
1328	0.572625
1329	0.57425
1330	0.5723125
1331	0.5725625
1332	0.573875
1333	0.571625
1334	0.5715625
1335	0.5703125
1336	0.57025
1337	0.5718125
1338	0.5733125
1339	0.5736875
1340	0.571875
1341	0.5696875
1342	0.5715625
1343	0.569375
1344	0.572875
1345	0.5724375
1346	0.5756875
1347	0.5776875
1348	0.577125
1349	0.5771875
1350	0.578
1351	0.578625
1352	0.5800625
1353	0.57875
1354	0.5783125
1355	0.579875
1356	0.5791875
1357	0.5778125
1358	0.577875
1359	0.5785625
1360	0.578375
1361	0.581
1362	0.5798125
1363	0.5805625
1364	0.5821875
1365	0.582
1366	0.5810625
1367	0.5804375
1368	0.58075
1369	0.580625
1370	0.5820625
1371	0.5833125
1372	0.5835625
1373	0.5839375
1374	0.584625
1375	0.5833125
1376	0.5844375
1377	0.5856875
1378	0.5846875
1379	0.584
1380	0.5848125
1381	0.584125
1382	0.583625
1383	0.583625
1384	0.584
1385	0.58525
1386	0.5844375
1387	0.5845
1388	0.584
1389	0.583875
1390	0.58475
1391	0.5859375
1392	0.58575
1393	0.5854375
1394	0.5865
1395	0.586
1396	0.58475
1397	0.5835625
1398	0.584875
1399	0.5841875
1400	0.5825625
1401	0.582625
1402	0.5834375
1403	0.583375
1404	0.583375
1405	0.5825
1406	0.5835
1407	0.5853125
1408	0.583875
1409	0.5849375
1410	0.585125
1411	0.5851875
1412	0.58675
1413	0.58425
1414	0.587125
1415	0.5855625
1416	0.5860625
1417	0.5870625
1418	0.5879375
1419	0.587125
1420	0.5866875
1421	0.587375
1422	0.5868125
1423	0.5873125
1424	0.5860625
1425	0.5846875
1426	0.5845625
1427	0.585875
1428	0.5864375
1429	0.5856875
1430	0.5836875
1431	0.5855625
1432	0.584
1433	0.5883125
1434	0.5866875
1435	0.586125
1436	0.5875
1437	0.5911875
1438	0.5911875
1439	0.5916875
1440	0.5929375
1441	0.593375
1442	0.593375
1443	0.5929375
1444	0.5915625
1445	0.5919375
1446	0.5914375
1447	0.590625
1448	0.5898125
1449	0.5925
1450	0.592125
1451	0.59275
1452	0.59225
1453	0.590875
1454	0.5928125
1455	0.5906875
1456	0.5926875
1457	0.592
1458	0.592625
1459	0.59425
1460	0.59375
1461	0.591875
1462	0.5915625
1463	0.590625
1464	0.589
1465	0.59025
1466	0.5915
1467	0.5926875
1468	0.5925625
1469	0.5923125
1470	0.5941875
1471	0.59375
1472	0.5921875
1473	0.5906875
1474	0.590375
1475	0.59325
1476	0.593625
1477	0.5945625
1478	0.5934375
1479	0.594
1480	0.594875
1481	0.593125
1482	0.5925
1483	0.592125
1484	0.59075
1485	0.592125
1486	0.592375
1487	0.5938125
1488	0.59475
1489	0.5944375
1490	0.5905625
1491	0.5906875
1492	0.591875
1493	0.5925625
1494	0.594
1495	0.5934375
1496	0.593
1497	0.5925
1498	0.5918125
1499	0.593
1500	0.594125
1501	0.5950625
1502	0.595125
1503	0.593
1504	0.5930625
1505	0.5921875
1506	0.5928125
1507	0.5934375
1508	0.5933125
1509	0.5941875
1510	0.594
1511	0.592125
1512	0.59425
1513	0.5938125
1514	0.592625
1515	0.5905
1516	0.59325
1517	0.5913125
1518	0.5933125
1519	0.5951875
1520	0.5939375
1521	0.5931875
1522	0.5941875
1523	0.5938125
1524	0.59375
1525	0.5950625
1526	0.5970625
1527	0.5943125
1528	0.5943125
1529	0.59575
1530	0.5948125
1531	0.5959375
1532	0.5964375
1533	0.5966875
1534	0.5985
1535	0.5981875
1536	0.5965
1537	0.598375
1538	0.5983125
1539	0.5991875
1540	0.5995625
1541	0.5985625
1542	0.5980625
1543	0.598875
1544	0.599875
1545	0.600125
1546	0.6029375
1547	0.6023125
1548	0.6025
1549	0.603375
1550	0.6046875
1551	0.6038125
1552	0.6025
1553	0.603
1554	0.602125
1555	0.60275
1556	0.601875
1557	0.602625
1558	0.602625
1559	0.6023125
1560	0.6035
1561	0.604
1562	0.60525
1563	0.605
1564	0.606
1565	0.6063125
1566	0.604125
1567	0.6039375
1568	0.60225
1569	0.60075
1570	0.601625
1571	0.6013125
1572	0.600875
1573	0.603625
1574	0.6023125
1575	0.601375
1576	0.6014375
1577	0.6
1578	0.6015625
1579	0.6025
1580	0.6029375
1581	0.603
1582	0.601875
1583	0.60075
1584	0.604125
1585	0.60475
1586	0.60525
1587	0.6040625
1588	0.6026875
1589	0.6038125
1590	0.60225
1591	0.602625
1592	0.6041875
1593	0.605125
1594	0.602625
1595	0.6035625
1596	0.6025625
1597	0.603
1598	0.6038125
1599	0.6035625
1600	0.603
1601	0.6046875
1602	0.6050625
1603	0.60625
1604	0.606875
1605	0.60825
1606	0.6080625
1607	0.6081875
1608	0.609625
1609	0.6071875
1610	0.6081875
1611	0.609625
1612	0.611625
1613	0.608625
1614	0.6094375
1615	0.6098125
1616	0.609625
1617	0.6086875
1618	0.6060625
1619	0.606375
1620	0.607125
1621	0.605375
1622	0.6065625
1623	0.607
1624	0.6081875
1625	0.6080625
1626	0.6063125
1627	0.6069375
1628	0.608875
1629	0.607
1630	0.6061875
1631	0.60775
1632	0.60675
1633	0.60625
1634	0.6064375
1635	0.6059375
1636	0.6055625
1637	0.605375
1638	0.6068125
1639	0.6041875
1640	0.6045625
1641	0.6043125
1642	0.602375
1643	0.6039375
1644	0.6055
1645	0.607
1646	0.6068125
1647	0.60675
1648	0.607125
1649	0.605875
1650	0.6051875
1651	0.6048125
1652	0.60525
1653	0.6045625
1654	0.6045625
1655	0.6049375
1656	0.6053125
1657	0.60675
1658	0.60525
1659	0.6045
1660	0.605
1661	0.6059375
1662	0.6061875
1663	0.60775
1664	0.6083125
1665	0.608125
1666	0.6091875
1667	0.6099375
1668	0.61
1669	0.6081875
1670	0.60875
1671	0.6096875
1672	0.6095
1673	0.6073125
1674	0.6085
1675	0.6068125
1676	0.6064375
1677	0.605
1678	0.6060625
1679	0.604125
1680	0.603625
1681	0.6024375
1682	0.6036875
1683	0.6023125
1684	0.6036875
1685	0.6029375
1686	0.6031875
1687	0.6051875
1688	0.6041875
1689	0.604375
1690	0.604125
1691	0.604625
1692	0.60475
1693	0.6035
1694	0.6025
1695	0.6050625
1696	0.605125
1697	0.603
1698	0.6038125
1699	0.60625
1700	0.604875
1701	0.6066875
1702	0.6060625
1703	0.606125
1704	0.6040625
1705	0.605375
1706	0.605375
1707	0.6043125
1708	0.60325
1709	0.6061875
1710	0.60775
1711	0.6056875
1712	0.6066875
1713	0.606625
1714	0.6076875
1715	0.60775
1716	0.607875
1717	0.60725
1718	0.607375
1719	0.6081875
1720	0.608125
1721	0.608375
1722	0.6069375
1723	0.6065
1724	0.607125
1725	0.6076875
1726	0.6070625
1727	0.606875
1728	0.60625
1729	0.608875
1730	0.609875
1731	0.610125
1732	0.610125
1733	0.6104375
1734	0.6113125
1735	0.610875
1736	0.6095625
1737	0.6121875
1738	0.609125
1739	0.6095625
1740	0.6096875
1741	0.6075
1742	0.606
1743	0.608
1744	0.607375
1745	0.608625
1746	0.607
1747	0.6073125
1748	0.608
1749	0.6088125
1750	0.6078125
1751	0.6045
1752	0.604375
1753	0.606875
1754	0.6061875
1755	0.6059375
1756	0.60675
1757	0.6055625
1758	0.6036875
1759	0.6034375
1760	0.604625
1761	0.603625
1762	0.6033125
1763	0.603375
1764	0.604375
1765	0.6051875
1766	0.6055
1767	0.604375
1768	0.605
1769	0.605625
1770	0.6050625
1771	0.602875
1772	0.6033125
1773	0.6051875
1774	0.604375
1775	0.6043125
1776	0.60625
1777	0.6045
1778	0.6046875
1779	0.60475
1780	0.604375
1781	0.605375
1782	0.6053125
1783	0.603875
1784	0.604125
1785	0.60425
1786	0.604875
1787	0.6056875
1788	0.6045625
1789	0.6060625
1790	0.6056875
1791	0.6085625
1792	0.61025
1793	0.611
1794	0.6110625
1795	0.6085625
1796	0.60925
1797	0.6095625
1798	0.6088125
1799	0.60825
1800	0.606375
1801	0.6079375
1802	0.608875
1803	0.608
1804	0.6099375
1805	0.609625
1806	0.60875
1807	0.6115625
1808	0.612125
1809	0.6135
1810	0.613125
1811	0.6119375
1812	0.6121875
1813	0.6121875
1814	0.6105
1815	0.612375
1816	0.6120625
1817	0.613375
1818	0.6129375
1819	0.6141875
1820	0.615875
1821	0.6149375
1822	0.6131875
1823	0.614625
1824	0.61475
1825	0.61275
1826	0.614375
1827	0.612875
1828	0.6140625
1829	0.6136875
1830	0.6133125
1831	0.616125
1832	0.6175
1833	0.6160625
1834	0.6165
1835	0.6138125
1836	0.615625
1837	0.6145625
1838	0.6156875
1839	0.6169375
1840	0.6163125
1841	0.617
1842	0.61625
1843	0.6159375
1844	0.61775
1845	0.616375
1846	0.6176875
1847	0.6169375
1848	0.617
1849	0.617875
1850	0.618875
1851	0.62125
1852	0.6181875
1853	0.6179375
1854	0.6188125
1855	0.6186875
1856	0.6163125
1857	0.6165625
1858	0.617125
1859	0.617375
1860	0.6171875
1861	0.61775
1862	0.6185
1863	0.6178125
1864	0.6173125
1865	0.6183125
1866	0.6171875
1867	0.61625
1868	0.617625
1869	0.617
1870	0.6186875
1871	0.6181875
1872	0.6174375
1873	0.61575
1874	0.6161875
1875	0.615125
1876	0.61775
1877	0.6151875
1878	0.617875
1879	0.6169375
1880	0.61625
1881	0.6156875
1882	0.6163125
1883	0.6169375
1884	0.6170625
1885	0.618125
1886	0.6169375
1887	0.61875
1888	0.618
1889	0.6176875
1890	0.6184375
1891	0.617125
1892	0.618875
1893	0.619
1894	0.6205625
1895	0.6194375
1896	0.61825
1897	0.619375
1898	0.6201875
1899	0.618125
1900	0.618375
1901	0.618625
1902	0.618
1903	0.619625
1904	0.618
1905	0.617125
1906	0.61625
1907	0.6181875
1908	0.6185625
1909	0.6200625
1910	0.620625
1911	0.6200625
1912	0.6221875
1913	0.6203125
1914	0.6193125
1915	0.618875
1916	0.6171875
1917	0.6194375
1918	0.6183125
1919	0.6190625
1920	0.618125
1921	0.6164375
1922	0.619
1923	0.6175625
1924	0.6180625
1925	0.616875
1926	0.6170625
1927	0.6165
1928	0.6185625
1929	0.617875
1930	0.617
1931	0.617875
1932	0.617875
1933	0.617625
1934	0.6181875
1935	0.619125
1936	0.6188125
1937	0.6169375
1938	0.616625
1939	0.6179375
1940	0.61875
1941	0.6191875
1942	0.6206875
1943	0.6206875
1944	0.6205
1945	0.620875
1946	0.62075
1947	0.619625
1948	0.6173125
1949	0.618375
1950	0.6189375
1951	0.6199375
1952	0.617625
1953	0.618
1954	0.6181875
1955	0.6195
1956	0.6206875
1957	0.6225625
1958	0.620375
1959	0.6195625
1960	0.6188125
1961	0.6188125
1962	0.6194375
1963	0.619625
1964	0.620125
1965	0.6208125
1966	0.6225
1967	0.6225
1968	0.6228125
1969	0.6224375
1970	0.623875
1971	0.6230625
1972	0.622625
1973	0.6218125
1974	0.622625
1975	0.6221875
1976	0.6221875
1977	0.6233125
1978	0.6229375
1979	0.6229375
1980	0.624125
1981	0.6233125
1982	0.62075
1983	0.621875
1984	0.6238125
1985	0.6236875
1986	0.623125
1987	0.6223125
1988	0.6235625
1989	0.6239375
1990	0.6238125
1991	0.624
1992	0.6238125
1993	0.625375
1994	0.6270625
1995	0.6254375
1996	0.626375
1997	0.626875
1998	0.625625
1999	0.6249375
2000	0.624
2001	0.62325
2002	0.6245
2003	0.624625
2004	0.626125
2005	0.6255625
2006	0.6249375
2007	0.625625
2008	0.6264375
2009	0.6260625
2010	0.6270625
2011	0.62625
2012	0.62425
2013	0.6243125
2014	0.6239375
2015	0.6239375
2016	0.6251875
2017	0.6268125
2018	0.624875
2019	0.6246875
2020	0.6250625
2021	0.6245625
2022	0.6236875
2023	0.62275
2024	0.6235625
2025	0.623
2026	0.623125
2027	0.622625
2028	0.625125
2029	0.6255
2030	0.62625
2031	0.627375
2032	0.6280625
2033	0.627125
2034	0.6283125
2035	0.6276875
2036	0.627125
2037	0.6273125
2038	0.6255
2039	0.6255625
2040	0.625125
2041	0.6249375
2042	0.6260625
2043	0.6265
2044	0.6261875
2045	0.6250625
2046	0.626125
2047	0.6259375
2048	0.6268125
2049	0.625625
2050	0.6259375
2051	0.626
2052	0.6271875
2053	0.62875
2054	0.626125
2055	0.6265625
2056	0.6264375
2057	0.6269375
2058	0.6260625
2059	0.6265
2060	0.62625
2061	0.626375
2062	0.6259375
2063	0.6270625
2064	0.6278125
2065	0.6285
2066	0.626625
2067	0.6280625
2068	0.628625
2069	0.628125
2070	0.6305
2071	0.630375
2072	0.6299375
2073	0.6323125
2074	0.632625
2075	0.633875
2076	0.633
2077	0.633375
2078	0.632125
2079	0.6315625
2080	0.63225
2081	0.629625
2082	0.628625
2083	0.6291875
2084	0.6281875
2085	0.62925
2086	0.6288125
2087	0.6293125
2088	0.627375
2089	0.6285625
2090	0.629625
2091	0.63075
2092	0.6305625
2093	0.6315
2094	0.6315
2095	0.63075
2096	0.63175
2097	0.631
2098	0.63275
2099	0.6324375
2100	0.6318125
2101	0.6334375
2102	0.633
2103	0.6329375
2104	0.631875
2105	0.631375
2106	0.630875
2107	0.630375
2108	0.6319375
2109	0.632375
2110	0.63175
2111	0.6313125
2112	0.63025
2113	0.63175
2114	0.631
2115	0.6303125
2116	0.6291875
2117	0.6280625
2118	0.6291875
2119	0.630625
2120	0.6306875
2121	0.628875
2122	0.629875
2123	0.6306875
2124	0.6316875
2125	0.6304375
2126	0.6308125
2127	0.6315625
2128	0.6329375
2129	0.633375
2130	0.634625
2131	0.6350625
2132	0.6341875
2133	0.632
2134	0.6329375
2135	0.6324375
2136	0.6310625
2137	0.6324375
2138	0.635
2139	0.632625
2140	0.63275
2141	0.6313125
2142	0.6319375
2143	0.631125
2144	0.631375
2145	0.630125
2146	0.629
2147	0.6304375
2148	0.6310625
2149	0.633375
2150	0.6319375
2151	0.634875
2152	0.636
2153	0.6335
2154	0.6358125
2155	0.636375
2156	0.6373125
2157	0.636
2158	0.637375
2159	0.6369375
2160	0.6373125
2161	0.6365625
2162	0.6384375
2163	0.63975
2164	0.63875
2165	0.6374375
2166	0.6374375
2167	0.6374375
2168	0.6375625
2169	0.637875
2170	0.6378125
2171	0.6371875
2172	0.63825
2173	0.63775
2174	0.639875
2175	0.6373125
2176	0.63575
2177	0.63575
2178	0.6356875
2179	0.636375
2180	0.6359375
2181	0.635625
2182	0.6344375
2183	0.6344375
2184	0.634125
2185	0.636125
2186	0.6360625
2187	0.634875
2188	0.636375
2189	0.6355625
2190	0.6345625
2191	0.6335
2192	0.6329375
2193	0.6309375
2194	0.6296875
2195	0.6311875
2196	0.631875
2197	0.629875
2198	0.629625
2199	0.629625
2200	0.6296875
2201	0.6309375
2202	0.6321875
2203	0.6320625
2204	0.631
2205	0.631625
2206	0.6321875
2207	0.631125
2208	0.6328125
2209	0.6345625
2210	0.6341875
2211	0.633625
2212	0.6334375
2213	0.6340625
2214	0.6346875
2215	0.6341875
2216	0.634125
2217	0.6339375
2218	0.6345
2219	0.6338125
2220	0.6353125
2221	0.6339375
2222	0.6351875
2223	0.635375
2224	0.6363125
2225	0.6355
2226	0.636375
2227	0.6360625
2228	0.63625
2229	0.6355
2230	0.635875
2231	0.63525
2232	0.635
2233	0.6335
2234	0.6340625
2235	0.6355
2236	0.6383125
2237	0.638125
2238	0.63825
2239	0.6393125
2240	0.63875
2241	0.638625
2242	0.6365
2243	0.637625
2244	0.638125
2245	0.6391875
2246	0.6381875
2247	0.6373125
2248	0.639
2249	0.6383125
2250	0.6384375
2251	0.6390625
2252	0.6374375
2253	0.636375
2254	0.6375625
2255	0.640125
2256	0.6400625
2257	0.6410625
2258	0.63975
2259	0.6404375
2260	0.6391875
2261	0.639125
2262	0.640625
2263	0.6395
2264	0.6385
2265	0.63725
2266	0.63825
2267	0.6369375
2268	0.638625
2269	0.6389375
2270	0.6373125
2271	0.637375
2272	0.63525
2273	0.6365625
2274	0.63675
2275	0.6366875
2276	0.6353125
2277	0.6360625
2278	0.635
2279	0.6374375
2280	0.6378125
2281	0.6363125
2282	0.63675
2283	0.63675
2284	0.6341875
2285	0.6345625
2286	0.635
2287	0.6346875
2288	0.6340625
2289	0.6369375
2290	0.6376875
2291	0.6368125
2292	0.636875
2293	0.6373125
2294	0.6353125
2295	0.6376875
2296	0.6380625
2297	0.639
2298	0.6405
2299	0.64125
2300	0.641875
2301	0.6398125
2302	0.640625
2303	0.6404375
2304	0.64
2305	0.64
2306	0.6410625
2307	0.6403125
2308	0.6380625
2309	0.6388125
2310	0.6400625
2311	0.636875
2312	0.63725
2313	0.6374375
2314	0.636375
2315	0.6356875
2316	0.6363125
2317	0.6365
2318	0.636
2319	0.6370625
2320	0.6356875
2321	0.636
2322	0.636
2323	0.6385
2324	0.63775
2325	0.636
2326	0.636625
2327	0.6375
2328	0.638875
2329	0.6386875
2330	0.6395625
2331	0.6394375
2332	0.6374375
2333	0.6385625
2334	0.638
2335	0.637625
2336	0.6381875
2337	0.6394375
2338	0.639375
2339	0.638125
2340	0.6404375
2341	0.641375
2342	0.6414375
2343	0.6406875
2344	0.6415
2345	0.64075
2346	0.6394375
2347	0.637875
2348	0.6378125
2349	0.6375
2350	0.638375
2351	0.6400625
2352	0.641
2353	0.6390625
2354	0.6398125
2355	0.6415625
2356	0.6398125
2357	0.63975
2358	0.6386875
2359	0.6375625
2360	0.6388125
2361	0.6401875
2362	0.638
2363	0.637875
2364	0.63875
2365	0.638375
2366	0.6405
2367	0.6405
2368	0.63975
2369	0.6401875
2370	0.6388125
2371	0.6401875
2372	0.639125
2373	0.6374375
2374	0.6369375
2375	0.637625
2376	0.64
2377	0.63725
2378	0.6388125
2379	0.6369375
2380	0.63625
2381	0.63725
2382	0.6365
2383	0.635
2384	0.63575
2385	0.6345625
2386	0.6335625
2387	0.63325
2388	0.6345625
2389	0.6344375
2390	0.632625
2391	0.633
2392	0.632875
2393	0.63275
2394	0.631625
2395	0.6319375
2396	0.6310625
2397	0.6299375
2398	0.6301875
2399	0.6299375
2400	0.628875
2401	0.6308125
2402	0.63025
2403	0.630125
2404	0.6295625
2405	0.6298125
2406	0.629875
2407	0.6305
2408	0.6285625
2409	0.62875
2410	0.630625
2411	0.6315
2412	0.6310625
2413	0.6320625
2414	0.631625
2415	0.633625
2416	0.6329375
2417	0.63525
2418	0.6341875
2419	0.6345625
2420	0.635125
2421	0.634375
2422	0.6343125
2423	0.6350625
2424	0.635375
2425	0.637125
2426	0.6349375
2427	0.6330625
2428	0.63375
2429	0.63425
2430	0.6358125
2431	0.63725
2432	0.6356875
2433	0.6371875
2434	0.6370625
2435	0.636
2436	0.6361875
2437	0.6365625
2438	0.63675
2439	0.6380625
2440	0.638
2441	0.6396875
2442	0.6389375
2443	0.6385625
2444	0.6379375
2445	0.6364375
2446	0.636375
2447	0.638125
2448	0.637625
2449	0.6385625
2450	0.6381875
2451	0.6381875
2452	0.6371875
2453	0.6375
2454	0.636875
2455	0.6385
2456	0.63725
2457	0.6380625
2458	0.638875
2459	0.640625
2460	0.639375
2461	0.6389375
2462	0.6390625
2463	0.6405625
2464	0.6400625
2465	0.638625
2466	0.6364375
2467	0.6378125
2468	0.6373125
2469	0.6365625
2470	0.637375
2471	0.6374375
2472	0.6356875
2473	0.636125
2474	0.6376875
2475	0.63725
2476	0.6373125
2477	0.6381875
2478	0.6376875
2479	0.6376875
2480	0.6391875
2481	0.63875
2482	0.638125
2483	0.6380625
2484	0.63575
2485	0.6360625
2486	0.635125
2487	0.6358125
2488	0.63775
2489	0.6355
2490	0.634375
2491	0.6345
2492	0.6335
2493	0.6333125
2494	0.6339375
2495	0.6321875
2496	0.631
2497	0.6315
2498	0.6335625
2499	0.6310625
2500	0.6315625
2501	0.6321875
2502	0.6321875
2503	0.63275
2504	0.6334375
2505	0.6339375
2506	0.6360625
2507	0.6340625
2508	0.6353125
2509	0.63425
2510	0.633875
2511	0.635375
2512	0.634625
2513	0.63475
2514	0.634375
2515	0.6354375
2516	0.6358125
2517	0.6355625
2518	0.6365625
2519	0.6361875
2520	0.6354375
2521	0.6345625
2522	0.6349375
2523	0.63475
2524	0.63425
2525	0.6345
2526	0.6338125
2527	0.632375
2528	0.6334375
2529	0.63375
2530	0.6305625
2531	0.631625
2532	0.6339375
2533	0.6334375
2534	0.63325
2535	0.6338125
2536	0.6334375
2537	0.63375
2538	0.6354375
2539	0.6351875
2540	0.63475
2541	0.6334375
2542	0.6350625
2543	0.6359375
2544	0.635125
2545	0.6351875
2546	0.6333125
2547	0.6326875
2548	0.6315625
2549	0.63275
2550	0.6329375
2551	0.6351875
2552	0.6355
2553	0.635
2554	0.6361875
2555	0.6351875
2556	0.6353125
2557	0.635875
2558	0.634625
2559	0.6343125
2560	0.6333125
2561	0.633
2562	0.6340625
2563	0.6339375
2564	0.63375
2565	0.6335
2566	0.634
2567	0.637125
2568	0.63625
2569	0.6346875
2570	0.6335
2571	0.6329375
2572	0.6331875
2573	0.6325625
2574	0.6343125
2575	0.6344375
2576	0.6355
2577	0.6363125
2578	0.6366875
2579	0.633375
2580	0.635
2581	0.6354375
2582	0.6351875
2583	0.634375
2584	0.634125
2585	0.6345625
2586	0.6335
2587	0.634875
2588	0.635375
2589	0.6351875
2590	0.635625
2591	0.634625
2592	0.635
2593	0.6339375
2594	0.632625
2595	0.6330625
2596	0.6340625
2597	0.6350625
2598	0.6354375
2599	0.6359375
2600	0.634
2601	0.634625
2602	0.63575
2603	0.6336875
2604	0.635125
2605	0.6336875
2606	0.6345625
2607	0.6356875
2608	0.636375
2609	0.6375
2610	0.6356875
2611	0.6380625
2612	0.6356875
2613	0.6370625
2614	0.638
2615	0.6386875
2616	0.6356875
2617	0.6355
2618	0.6345
2619	0.6354375
2620	0.6364375
2621	0.6365625
2622	0.6378125
2623	0.6376875
2624	0.636625
2625	0.6370625
2626	0.6358125
2627	0.6366875
2628	0.639375
2629	0.640625
2630	0.638875
2631	0.6400625
2632	0.63775
2633	0.6365625
2634	0.6360625
2635	0.6363125
2636	0.6355
2637	0.6376875
2638	0.6384375
2639	0.6360625
2640	0.6350625
2641	0.6349375
2642	0.6363125
2643	0.63675
2644	0.63575
2645	0.636375
2646	0.63875
2647	0.6381875
2648	0.6359375
2649	0.638125
2650	0.6390625
2651	0.6394375
2652	0.6415
2653	0.6388125
2654	0.6403125
2655	0.6408125
2656	0.6420625
2657	0.6405
2658	0.641625
2659	0.639375
2660	0.6395
2661	0.640125
2662	0.6415625
2663	0.6395
2664	0.640125
2665	0.6398125
2666	0.6391875
2667	0.637375
2668	0.637125
2669	0.6374375
2670	0.6366875
2671	0.634875
2672	0.636625
2673	0.6365625
2674	0.6355
2675	0.63625
2676	0.63475
2677	0.635625
2678	0.6345625
2679	0.635125
2680	0.634875
2681	0.6356875
2682	0.63675
2683	0.637
2684	0.636125
2685	0.6369375
2686	0.63675
2687	0.6370625
2688	0.639875
2689	0.6365
2690	0.6368125
2691	0.6373125
2692	0.636625
2693	0.6370625
2694	0.6394375
2695	0.6395
2696	0.6389375
2697	0.638
2698	0.6376875
2699	0.637625
2700	0.639
2701	0.639625
2702	0.6398125
2703	0.6395625
2704	0.6376875
2705	0.6375
2706	0.63675
2707	0.6364375
2708	0.6358125
2709	0.6358125
2710	0.6375625
2711	0.6370625
2712	0.638125
2713	0.639625
2714	0.637875
2715	0.6384375
2716	0.638625
2717	0.6388125
2718	0.6401875
2719	0.640125
2720	0.6410625
2721	0.6410625
2722	0.640875
2723	0.6405625
2724	0.6415
2725	0.6406875
2726	0.6408125
2727	0.64
2728	0.641625
2729	0.6409375
2730	0.640125
2731	0.64
2732	0.6381875
2733	0.6380625
2734	0.6383125
2735	0.637875
2736	0.6375625
2737	0.638
2738	0.63775
2739	0.6380625
2740	0.639625
2741	0.6395
2742	0.6380625
2743	0.6390625
2744	0.6385
2745	0.638625
2746	0.639375
2747	0.6398125
2748	0.6411875
2749	0.63875
2750	0.6395625
2751	0.640875
2752	0.63875
2753	0.6395625
2754	0.638625
2755	0.6405
2756	0.640125
2757	0.6383125
2758	0.637125
2759	0.637
2760	0.6380625
2761	0.63675
2762	0.6359375
2763	0.6363125
2764	0.6363125
2765	0.6368125
2766	0.6378125
2767	0.639625
2768	0.63925
2769	0.6378125
2770	0.638875
2771	0.6383125
2772	0.6394375
2773	0.6383125
2774	0.64
2775	0.6385625
2776	0.638375
2777	0.639375
2778	0.639125
2779	0.63975
2780	0.6406875
2781	0.641625
2782	0.6421875
2783	0.6411875
2784	0.6416875
2785	0.640875
2786	0.6403125
2787	0.641875
2788	0.6424375
2789	0.6411875
2790	0.6405625
2791	0.63875
2792	0.640375
2793	0.6410625
2794	0.64025
2795	0.6396875
2796	0.64075
2797	0.6396875
2798	0.6385
2799	0.6379375
2800	0.6363125
2801	0.63725
2802	0.638125
2803	0.6363125
2804	0.635375
2805	0.63575
2806	0.63625
2807	0.6370625
2808	0.6369375
2809	0.636625
2810	0.6375
2811	0.6375625
2812	0.638125
2813	0.6419375
2814	0.640625
2815	0.6423125
2816	0.6431875
2817	0.64125
2818	0.6416875
2819	0.643
2820	0.642625
2821	0.640875
2822	0.6394375
2823	0.639875
2824	0.6399375
2825	0.640125
2826	0.639625
2827	0.6405
2828	0.64
2829	0.6410625
2830	0.6415625
2831	0.6434375
2832	0.644
2833	0.644
2834	0.6451875
2835	0.6435625
2836	0.6439375
2837	0.6439375
2838	0.6445
2839	0.646125
2840	0.646
2841	0.6459375
2842	0.6450625
2843	0.6433125
2844	0.6439375
2845	0.6429375
2846	0.6445625
2847	0.6429375
2848	0.6444375
2849	0.6428125
2850	0.641125
2851	0.64175
2852	0.642875
2853	0.642
2854	0.6430625
2855	0.644625
2856	0.6441875
2857	0.6443125
2858	0.643
2859	0.643625
2860	0.64175
2861	0.643125
2862	0.64275
2863	0.6435625
2864	0.641125
2865	0.6409375
2866	0.641625
2867	0.64125
2868	0.6405
2869	0.641125
2870	0.6414375
2871	0.6414375
2872	0.6430625
2873	0.6415
2874	0.643125
2875	0.643125
2876	0.6426875
2877	0.6416875
2878	0.6409375
2879	0.6396875
2880	0.639375
2881	0.6401875
2882	0.6389375
2883	0.639375
2884	0.640625
2885	0.6395625
2886	0.6399375
2887	0.639625
2888	0.64025
2889	0.6390625
2890	0.6393125
2891	0.6393125
2892	0.639625
2893	0.639
2894	0.6408125
2895	0.64025
2896	0.6410625
2897	0.6411875
2898	0.64275
2899	0.6405625
2900	0.6414375
2901	0.6421875
2902	0.641375
2903	0.641375
2904	0.6428125
2905	0.6419375
2906	0.64075
2907	0.6395625
2908	0.6410625
2909	0.642875
2910	0.64225
2911	0.6435
2912	0.6418125
2913	0.639875
2914	0.6403125
2915	0.6384375
2916	0.6385
2917	0.6405625
2918	0.639375
2919	0.6405
2920	0.6400625
2921	0.639625
2922	0.6405
2923	0.6408125
2924	0.64325
2925	0.643
2926	0.6460625
2927	0.6459375
2928	0.6474375
2929	0.6460625
2930	0.6454375
2931	0.6451875
2932	0.6453125
2933	0.6455
2934	0.645375
2935	0.64425
2936	0.643875
2937	0.643125
2938	0.643375
2939	0.6438125
2940	0.6425
2941	0.6413125
2942	0.642375
2943	0.6420625
2944	0.6414375
2945	0.6418125
2946	0.6413125
2947	0.64175
2948	0.6429375
2949	0.6433125
2950	0.6418125
2951	0.6414375
2952	0.6410625
2953	0.639375
2954	0.6405625
2955	0.6380625
2956	0.6403125
2957	0.6394375
2958	0.6385
2959	0.639375
2960	0.6401875
2961	0.64325
2962	0.642875
2963	0.6420625
2964	0.6411875
2965	0.643
2966	0.6436875
2967	0.642625
2968	0.642625
2969	0.640125
2970	0.63925
2971	0.6416875
2972	0.6403125
2973	0.642
2974	0.642875
2975	0.6406875
2976	0.6400625
2977	0.64075
2978	0.6393125
2979	0.6396875
2980	0.6405625
2981	0.6385
2982	0.6401875
2983	0.6410625
2984	0.6408125
2985	0.639875
2986	0.6399375
2987	0.64025
2988	0.63825
2989	0.6373125
2990	0.6396875
2991	0.6400625
2992	0.640375
2993	0.640125
2994	0.6401875
2995	0.6405625
2996	0.641
2997	0.641125
2998	0.641375
2999	0.6406875
3000	0.6420625
3001	0.6425625
3002	0.6425
3003	0.6439375
3004	0.642625
3005	0.642125
3006	0.6426875
3007	0.645125
3008	0.6435
3009	0.6434375
3010	0.641125
3011	0.640125
3012	0.6411875
3013	0.6415
3014	0.639875
3015	0.6399375
3016	0.6390625
3017	0.639625
3018	0.639125
3019	0.6379375
3020	0.637
3021	0.637125
3022	0.6358125
3023	0.636125
3024	0.6365
3025	0.638625
3026	0.638
3027	0.6375
3028	0.6398125
3029	0.63775
3030	0.6391875
3031	0.6411875
3032	0.643
3033	0.6420625
3034	0.6418125
3035	0.641
3036	0.641625
3037	0.64175
3038	0.6398125
3039	0.6393125
3040	0.64075
3041	0.6398125
3042	0.641625
3043	0.6386875
3044	0.638
3045	0.6405
3046	0.639625
3047	0.64075
3048	0.642125
3049	0.6416875
3050	0.641125
3051	0.6413125
3052	0.6381875
3053	0.6379375
3054	0.637375
3055	0.6393125
3056	0.6390625
3057	0.638
3058	0.6366875
3059	0.637625
3060	0.6369375
3061	0.6371875
3062	0.6380625
3063	0.637625
3064	0.6368125
3065	0.6385
3066	0.6354375
3067	0.6360625
3068	0.6354375
3069	0.636375
3070	0.63725
3071	0.6374375
3072	0.63575
3073	0.6368125
3074	0.6385625
3075	0.638625
3076	0.6385625
3077	0.6390625
3078	0.6403125
3079	0.640125
3080	0.6411875
3081	0.6405
3082	0.6391875
3083	0.640625
3084	0.63875
3085	0.63975
3086	0.6390625
3087	0.6383125
3088	0.6399375
3089	0.6415625
3090	0.6415625
3091	0.6405
3092	0.641625
3093	0.641
3094	0.639125
3095	0.6398125
3096	0.6394375
3097	0.6391875
3098	0.639125
3099	0.639625
3100	0.641375
3101	0.63875
3102	0.638625
3103	0.640125
3104	0.6398125
3105	0.6393125
3106	0.6391875
3107	0.6414375
3108	0.6396875
3109	0.6389375
3110	0.63975
3111	0.6395625
3112	0.6409375
3113	0.6418125
3114	0.6423125
3115	0.6424375
3116	0.64275
3117	0.641875
3118	0.642875
3119	0.64275
3120	0.644125
3121	0.6459375
3122	0.645125
3123	0.6443125
3124	0.6453125
3125	0.6456875
3126	0.64325
3127	0.6433125
3128	0.6435625
3129	0.6440625
3130	0.644875
3131	0.646125
3132	0.64775
3133	0.6470625
3134	0.6449375
3135	0.64475
3136	0.642
3137	0.643
3138	0.6448125
3139	0.6445625
3140	0.645125
3141	0.644125
3142	0.6443125
3143	0.6421875
3144	0.6435625
3145	0.6440625
3146	0.6425625
3147	0.64275
3148	0.6428125
3149	0.6426875
3150	0.6414375
3151	0.64175
3152	0.6419375
3153	0.6443125
3154	0.643
3155	0.644375
3156	0.64525
3157	0.6423125
3158	0.64325
3159	0.6418125
3160	0.64225
3161	0.644375
3162	0.6445625
3163	0.6440625
3164	0.642875
3165	0.6431875
3166	0.64375
3167	0.6428125
3168	0.6415625
3169	0.6425625
3170	0.6436875
3171	0.6438125
3172	0.645125
3173	0.644375
3174	0.6455
3175	0.64475
3176	0.6464375
3177	0.6479375
3178	0.6478125
3179	0.64825
3180	0.6489375
3181	0.6508125
3182	0.6504375
3183	0.647375
3184	0.6480625
3185	0.647625
3186	0.646375
3187	0.6461875
3188	0.648
3189	0.6483125
3190	0.646
3191	0.6469375
3192	0.646875
3193	0.6480625
3194	0.648125
3195	0.6475625
3196	0.6476875
3197	0.6505
3198	0.6473125
3199	0.64725
3200	0.6485625
3201	0.6476875
3202	0.6465
3203	0.6465
3204	0.64525
3205	0.64775
3206	0.647125
3207	0.6470625
3208	0.6484375
3209	0.6474375
3210	0.6458125
3211	0.6454375
3212	0.64375
3213	0.6439375
3214	0.6444375
3215	0.644125
3216	0.6455625
3217	0.64575
3218	0.6470625
3219	0.6486875
3220	0.649375
3221	0.6474375
3222	0.6473125
3223	0.6471875
3224	0.6475625
3225	0.64875
3226	0.647
3227	0.6466875
3228	0.64775
3229	0.6475625
3230	0.647875
3231	0.645625
3232	0.644875
3233	0.645875
3234	0.644125
3235	0.642875
3236	0.643375
3237	0.6460625
3238	0.6459375
3239	0.6456875
3240	0.646375
3241	0.6466875
3242	0.646
3243	0.644625
3244	0.64425
3245	0.6445
3246	0.645625
3247	0.648125
3248	0.647
3249	0.6480625
3250	0.6454375
3251	0.645375
3252	0.6443125
3253	0.644625
3254	0.6445
3255	0.646125
3256	0.646125
3257	0.6454375
3258	0.6429375
3259	0.6454375
3260	0.6455
3261	0.6445
3262	0.6441875
3263	0.6451875
3264	0.644
3265	0.644
3266	0.6439375
3267	0.6455
3268	0.6459375
3269	0.6466875
3270	0.646
3271	0.64525
3272	0.644
3273	0.6431875
3274	0.6435
3275	0.6426875
3276	0.6428125
3277	0.644375
3278	0.64475
3279	0.6416875
3280	0.64325
3281	0.6438125
3282	0.6434375
3283	0.6454375
3284	0.6450625
3285	0.6466875
3286	0.6471875
3287	0.6484375
3288	0.647125
3289	0.646375
3290	0.6475625
3291	0.64625
3292	0.6479375
3293	0.647375
3294	0.6451875
3295	0.6463125
3296	0.64675
3297	0.64625
3298	0.647125
3299	0.64675
3300	0.64675
3301	0.647875
3302	0.647875
3303	0.6480625
3304	0.64775
3305	0.648625
3306	0.650375
3307	0.6491875
3308	0.647875
3309	0.648125
3310	0.6475
3311	0.651
3312	0.6499375
3313	0.6471875
3314	0.6501875
3315	0.64875
3316	0.646875
3317	0.6481875
3318	0.6494375
3319	0.6484375
3320	0.6493125
3321	0.6498125
3322	0.649375
3323	0.6500625
3324	0.650125
3325	0.65
3326	0.64775
3327	0.6466875
3328	0.6474375
3329	0.6464375
3330	0.6450625
3331	0.6465
3332	0.64725
3333	0.6441875
3334	0.6459375
3335	0.647375
3336	0.6476875
3337	0.649
3338	0.650125
3339	0.650875
3340	0.650625
3341	0.6525625
3342	0.6535
3343	0.65075
3344	0.6521875
3345	0.6514375
3346	0.652875
3347	0.6519375
3348	0.652375
3349	0.6510625
3350	0.650375
3351	0.650125
3352	0.652
3353	0.6516875
3354	0.6503125
3355	0.6505
3356	0.6491875
3357	0.6495
3358	0.6511875
3359	0.6525
3360	0.6536875
3361	0.6544375
3362	0.654375
3363	0.6544375
3364	0.6554375
3365	0.6540625
3366	0.6530625
3367	0.65425
3368	0.6538125
3369	0.655
3370	0.655375
3371	0.6566875
3372	0.6551875
3373	0.6569375
3374	0.6575625
3375	0.656125
3376	0.6575625
3377	0.6556875
3378	0.6538125
3379	0.6535625
3380	0.6540625
3381	0.6539375
3382	0.65325
3383	0.651875
3384	0.65325
3385	0.653125
3386	0.653375
3387	0.6536875
3388	0.6530625
3389	0.6543125
3390	0.65425
3391	0.654125
3392	0.653375
3393	0.65275
3394	0.652125
3395	0.652
3396	0.6525
3397	0.6529375
3398	0.653375
3399	0.6544375
3400	0.654875
3401	0.652875
3402	0.6514375
3403	0.6519375
3404	0.6536875
3405	0.6534375
3406	0.6530625
3407	0.65275
3408	0.6530625
3409	0.654
3410	0.654875
3411	0.6548125
3412	0.6550625
3413	0.655125
3414	0.6566875
3415	0.656625
3416	0.6585625
3417	0.659
3418	0.656125
3419	0.6555625
3420	0.6575625
3421	0.6581875
3422	0.6564375
3423	0.65675
3424	0.6563125
3425	0.6545
3426	0.656
3427	0.6574375
3428	0.657375
3429	0.656
3430	0.655625
3431	0.6560625
3432	0.6568125
3433	0.6575
3434	0.65625
3435	0.6563125
3436	0.6554375
3437	0.6568125
3438	0.655375
3439	0.65375
3440	0.6573125
3441	0.6581875
3442	0.657625
3443	0.6570625
3444	0.6568125
3445	0.6569375
3446	0.6575625
3447	0.6575
3448	0.6564375
3449	0.6573125
3450	0.6574375
3451	0.6560625
3452	0.6563125
3453	0.657125
3454	0.6539375
3455	0.655625
3456	0.6569375
3457	0.6561875
3458	0.65625
3459	0.657375
3460	0.6574375
3461	0.6548125
3462	0.655125
3463	0.6579375
3464	0.6575
3465	0.6575625
3466	0.6585625
3467	0.657875
3468	0.6589375
3469	0.660125
3470	0.6596875
3471	0.661125
3472	0.6591875
3473	0.6600625
3474	0.65925
3475	0.6613125
3476	0.661875
3477	0.6625625
3478	0.66175
3479	0.6625
3480	0.661625
3481	0.6581875
3482	0.65875
3483	0.6603125
3484	0.658125
3485	0.657625
3486	0.657625
3487	0.658125
3488	0.6571875
3489	0.6578125
3490	0.6600625
3491	0.6626875
3492	0.6609375
3493	0.661625
3494	0.6620625
3495	0.6603125
3496	0.6623125
3497	0.6601875
3498	0.6628125
3499	0.6635
3500	0.6636875
3501	0.664375
3502	0.664
3503	0.6624375
3504	0.6611875
3505	0.6625
3506	0.6605
3507	0.659125
3508	0.6591875
3509	0.6583125
3510	0.6600625
3511	0.662
3512	0.6616875
3513	0.6616875
3514	0.660625
3515	0.6606875
3516	0.66225
3517	0.6625625
3518	0.6625
3519	0.6630625
3520	0.66375
3521	0.665
3522	0.6631875
3523	0.663625
3524	0.663375
3525	0.663625
3526	0.6629375
3527	0.662
3528	0.6629375
3529	0.66325
3530	0.6619375
3531	0.6634375
3532	0.6633125
3533	0.6630625
3534	0.662875
3535	0.6643125
3536	0.66325
3537	0.6631875
3538	0.6636875
3539	0.6623125
3540	0.661625
3541	0.6618125
3542	0.661375
3543	0.662
3544	0.6628125
3545	0.6623125
3546	0.664875
3547	0.666
3548	0.6669375
3549	0.6661875
3550	0.6636875
3551	0.664375
3552	0.66425
3553	0.6641875
3554	0.6639375
3555	0.664875
3556	0.6645625
3557	0.6638125
3558	0.664125
3559	0.6613125
3560	0.660125
3561	0.6591875
3562	0.6599375
3563	0.660625
3564	0.660125
3565	0.661125
3566	0.6606875
3567	0.661125
3568	0.6618125
3569	0.661
3570	0.66175
3571	0.6615
3572	0.660375
3573	0.6605
3574	0.659875
3575	0.6604375
3576	0.662875
3577	0.662
3578	0.66225
3579	0.6631875
3580	0.6645625
3581	0.6641875
3582	0.6643125
3583	0.6646875
3584	0.6641875
3585	0.66275
3586	0.6636875
3587	0.6643125
3588	0.6660625
3589	0.6641875
3590	0.666625
3591	0.6654375
3592	0.6658125
3593	0.6666875
3594	0.6655
3595	0.66425
3596	0.665625
3597	0.6674375
3598	0.6678125
3599	0.6681875
3600	0.669375
3601	0.66925
3602	0.6678125
3603	0.667625
3604	0.6698125
3605	0.6694375
3606	0.66925
3607	0.667625
3608	0.66775
3609	0.6675
3610	0.6665
3611	0.668625
3612	0.667375
3613	0.667875
3614	0.6684375
3615	0.667
3616	0.66975
3617	0.6694375
3618	0.66975
3619	0.6698125
3620	0.67
3621	0.6686875
3622	0.6686875
3623	0.6705625
3624	0.6695
3625	0.6694375
3626	0.6691875
3627	0.669375
3628	0.6686875
3629	0.6684375
3630	0.66875
3631	0.6684375
3632	0.6685625
3633	0.66975
3634	0.6703125
3635	0.669125
3636	0.6693125
3637	0.6679375
3638	0.6676875
3639	0.6691875
3640	0.670875
3641	0.6695
3642	0.6693125
3643	0.6699375
3644	0.6704375
3645	0.669125
3646	0.6698125
3647	0.6686875
3648	0.6680625
3649	0.6684375
3650	0.6675
3651	0.6675625
3652	0.6678125
3653	0.6675
3654	0.6679375
3655	0.669125
3656	0.6694375
3657	0.6695
3658	0.6683125
3659	0.6683125
3660	0.66725
3661	0.6679375
3662	0.6695
3663	0.670875
3664	0.6709375
3665	0.6714375
3666	0.6709375
3667	0.671125
3668	0.670125
3669	0.67
3670	0.6700625
3671	0.6685
3672	0.669125
3673	0.6709375
3674	0.669
3675	0.669
3676	0.6691875
3677	0.6705625
3678	0.6709375
3679	0.6688125
3680	0.6675
3681	0.6669375
3682	0.6665
3683	0.668
3684	0.6685
3685	0.66675
3686	0.6684375
3687	0.66775
3688	0.668
3689	0.667375
3690	0.6653125
3691	0.6660625
3692	0.665125
3693	0.6659375
3694	0.6658125
3695	0.664875
3696	0.6655625
3697	0.66425
3698	0.663875
3699	0.6651875
3700	0.663875
3701	0.6644375
3702	0.6645
3703	0.6645625
3704	0.66375
3705	0.665125
3706	0.6656875
3707	0.665125
3708	0.6641875
3709	0.664
3710	0.6661875
3711	0.66625
3712	0.6646875
3713	0.6650625
3714	0.6673125
3715	0.6673125
3716	0.667375
3717	0.66825
3718	0.6689375
3719	0.667625
3720	0.666375
3721	0.6665
3722	0.669125
3723	0.6680625
3724	0.669
3725	0.6680625
3726	0.6688125
3727	0.6699375
3728	0.6689375
3729	0.6674375
3730	0.669625
3731	0.6690625
3732	0.6671875
3733	0.6658125
3734	0.66725
3735	0.668625
3736	0.668375
3737	0.6691875
3738	0.6676875
3739	0.668625
3740	0.6695
3741	0.66675
3742	0.6664375
3743	0.667
3744	0.6679375
3745	0.6679375
3746	0.6681875
3747	0.6690625
3748	0.6680625
3749	0.668
3750	0.668
3751	0.6685
3752	0.66675
3753	0.666375
3754	0.668
3755	0.66725
3756	0.6676875
3757	0.6689375
3758	0.668
3759	0.6679375
3760	0.6703125
3761	0.6699375
3762	0.6694375
3763	0.67
3764	0.6695
3765	0.66925
3766	0.66825
3767	0.668
3768	0.6668125
3769	0.6685625
3770	0.670125
3771	0.668375
3772	0.6674375
3773	0.66825
3774	0.66775
3775	0.6663125
3776	0.668
3777	0.666875
3778	0.6690625
3779	0.6690625
3780	0.6685
3781	0.668625
3782	0.6689375
3783	0.6673125
3784	0.6688125
3785	0.6705625
3786	0.6685625
3787	0.668625
3788	0.6676875
3789	0.666625
3790	0.6655625
3791	0.6655
3792	0.6663125
3793	0.665625
3794	0.6666875
3795	0.6674375
3796	0.6680625
3797	0.6674375
3798	0.669
3799	0.669125
3800	0.667625
3801	0.6683125
3802	0.6678125
3803	0.668375
3804	0.6675
3805	0.666375
3806	0.6671875
3807	0.667875
3808	0.66825
3809	0.6680625
3810	0.6691875
3811	0.6679375
3812	0.6676875
3813	0.66625
3814	0.6651875
3815	0.6656875
3816	0.6666875
3817	0.6664375
3818	0.6668125
3819	0.66875
3820	0.6675
3821	0.667625
3822	0.6685
3823	0.6685625
3824	0.6698125
3825	0.668875
3826	0.6693125
3827	0.668875
3828	0.668375
3829	0.6685
3830	0.6675
3831	0.6653125
3832	0.665625
3833	0.665875
3834	0.6635625
3835	0.6616875
3836	0.662375
3837	0.66175
3838	0.6604375
3839	0.660625
3840	0.6610625
3841	0.6605
3842	0.6606875
3843	0.6631875
3844	0.66375
3845	0.6646875
3846	0.6643125
3847	0.66425
3848	0.664375
3849	0.6648125
3850	0.665125
3851	0.6656875
3852	0.666
3853	0.6650625
3854	0.667125
3855	0.6671875
3856	0.667875
3857	0.6661875
3858	0.6668125
3859	0.667375
3860	0.667625
3861	0.6683125
3862	0.668875
3863	0.6681875
3864	0.6675
3865	0.667
3866	0.668375
3867	0.67025
3868	0.671375
3869	0.6704375
3870	0.6698125
3871	0.6705
3872	0.67175
3873	0.670875
3874	0.6708125
3875	0.6715625
3876	0.670625
3877	0.67025
3878	0.67
3879	0.670375
3880	0.671125
3881	0.670125
3882	0.671
3883	0.671375
3884	0.67175
3885	0.672375
3886	0.6704375
3887	0.6690625
3888	0.6691875
3889	0.670125
3890	0.669125
3891	0.6691875
3892	0.6700625
3893	0.6701875
3894	0.6691875
3895	0.66675
3896	0.66725
3897	0.668375
3898	0.6695
3899	0.66825
3900	0.66825
3901	0.6685625
3902	0.667375
3903	0.6668125
3904	0.666375
3905	0.665625
3906	0.6659375
3907	0.66625
3908	0.6656875
3909	0.66575
3910	0.6655625
3911	0.666625
3912	0.6660625
3913	0.665375
3914	0.6650625
3915	0.6670625
3916	0.6681875
3917	0.6670625
3918	0.66725
3919	0.666875
3920	0.6665625
3921	0.666375
3922	0.6660625
3923	0.6665625
3924	0.6655
3925	0.6676875
3926	0.666875
3927	0.6665
3928	0.668375
3929	0.66725
3930	0.6673125
3931	0.6665
3932	0.6666875
3933	0.6666875
3934	0.665625
3935	0.66625
3936	0.66575
3937	0.665625
3938	0.66725
3939	0.6658125
3940	0.6671875
3941	0.667
3942	0.6668125
3943	0.6666875
3944	0.6671875
3945	0.6674375
3946	0.6668125
3947	0.6663125
3948	0.6643125
3949	0.665
3950	0.66475
3951	0.6648125
3952	0.6646875
3953	0.663625
3954	0.6656875
3955	0.6658125
3956	0.6649375
3957	0.6654375
3958	0.664625
3959	0.665125
3960	0.66575
3961	0.6659375
3962	0.666125
3963	0.6658125
3964	0.6650625
3965	0.665375
3966	0.666
3967	0.6669375
3968	0.6659375
3969	0.6660625
3970	0.662625
3971	0.6614375
3972	0.661125
3973	0.6606875
3974	0.660125
3975	0.6595625
3976	0.659
3977	0.6593125
3978	0.658
3979	0.6581875
3980	0.658875
3981	0.657875
3982	0.657125
3983	0.6573125
3984	0.6580625
3985	0.6564375
3986	0.6551875
3987	0.6539375
3988	0.6543125
3989	0.654875
3990	0.654125
3991	0.6551875
3992	0.6563125
3993	0.655375
3994	0.6536875
3995	0.656
3996	0.6558125
3997	0.6556875
3998	0.655125
3999	0.6550625
4000	0.6553125
4001	0.6540625
4002	0.653
4003	0.6545625
4004	0.6543125
4005	0.6538125
4006	0.6538125
4007	0.654625
4008	0.653875
4009	0.656
4010	0.656375
4011	0.6561875
4012	0.6561875
4013	0.6540625
4014	0.6528125
4015	0.6541875
4016	0.6523125
4017	0.653125
4018	0.6529375
4019	0.65125
4020	0.6525625
4021	0.6511875
4022	0.6513125
4023	0.652875
4024	0.65275
4025	0.6534375
4026	0.6529375
4027	0.652
4028	0.65
4029	0.6493125
4030	0.651
4031	0.6504375
4032	0.6484375
4033	0.6485625
4034	0.6495
4035	0.6505
4036	0.6493125
4037	0.6504375
4038	0.6491875
4039	0.650125
4040	0.652375
4041	0.6528125
4042	0.652625
4043	0.6528125
4044	0.65325
4045	0.65525
4046	0.6533125
4047	0.65275
4048	0.654
4049	0.6529375
4050	0.65425
4051	0.6555625
4052	0.6535625
4053	0.655375
4054	0.654
4055	0.653375
4056	0.6545625
4057	0.652375
4058	0.6546875
4059	0.6540625
4060	0.6533125
4061	0.6533125
4062	0.652875
4063	0.653125
4064	0.6534375
4065	0.6530625
4066	0.6540625
4067	0.6513125
4068	0.6525625
4069	0.6533125
4070	0.653
4071	0.65475
4072	0.6539375
4073	0.6536875
4074	0.6531875
4075	0.6535625
4076	0.6545625
4077	0.6565
4078	0.6565625
4079	0.6589375
4080	0.6580625
4081	0.6584375
4082	0.65725
4083	0.6568125
4084	0.657
4085	0.657125
4086	0.6575625
4087	0.65575
4088	0.656
4089	0.6556875
4090	0.6559375
4091	0.6558125
4092	0.655875
4093	0.6545625
4094	0.654625
4095	0.6570625
4096	0.655125
4097	0.6558125
4098	0.657625
4099	0.6571875
4100	0.6570625
4101	0.6574375
4102	0.658
4103	0.656
4104	0.65625
4105	0.65625
4106	0.65625
4107	0.6569375
4108	0.657875
4109	0.656875
4110	0.6566875
4111	0.65725
4112	0.6585
4113	0.6589375
4114	0.65975
4115	0.65925
4116	0.6584375
4117	0.661625
4118	0.659625
4119	0.6605625
4120	0.6605625
4121	0.66125
4122	0.6590625
4123	0.6581875
4124	0.6578125
4125	0.658125
4126	0.6605625
4127	0.6614375
4128	0.6620625
4129	0.6619375
4130	0.6635
4131	0.662
4132	0.66275
4133	0.6613125
4134	0.6616875
4135	0.6626875
4136	0.663375
4137	0.6633125
4138	0.66175
4139	0.66125
4140	0.6623125
4141	0.661875
4142	0.660125
4143	0.6604375
4144	0.6605
4145	0.65925
4146	0.6596875
4147	0.6601875
4148	0.661
4149	0.6618125
4150	0.6614375
4151	0.659625
4152	0.6594375
4153	0.65825
4154	0.6585
4155	0.6586875
4156	0.658
4157	0.6581875
4158	0.6578125
4159	0.6575
4160	0.6583125
4161	0.6575
4162	0.6575625
4163	0.6575625
4164	0.6576875
4165	0.658125
4166	0.65675
4167	0.65875
4168	0.6605625
4169	0.6599375
4170	0.6599375
4171	0.66075
4172	0.6588125
4173	0.658625
4174	0.6596875
4175	0.661
4176	0.660375
4177	0.6593125
4178	0.6595
4179	0.6606875
4180	0.6596875
4181	0.6604375
4182	0.66
4183	0.6594375
4184	0.6613125
4185	0.6606875
4186	0.6615625
4187	0.660375
4188	0.6601875
4189	0.6601875
4190	0.660875
4191	0.6638125
4192	0.662625
4193	0.6625625
4194	0.6628125
4195	0.6625625
4196	0.663375
4197	0.66225
4198	0.662875
4199	0.6620625
4200	0.6616875
4201	0.663
4202	0.6639375
4203	0.6634375
4204	0.6630625
4205	0.662375
4206	0.663
4207	0.6626875
4208	0.662625
4209	0.6630625
4210	0.664625
4211	0.6658125
4212	0.6659375
4213	0.663875
4214	0.665
4215	0.664625
4216	0.6640625
4217	0.6654375
4218	0.664875
4219	0.6664375
4220	0.6631875
4221	0.6643125
4222	0.6655
4223	0.6639375
4224	0.66475
4225	0.665375
4226	0.6645
4227	0.6643125
4228	0.664375
4229	0.664
4230	0.6645
4231	0.6636875
4232	0.6634375
4233	0.664
4234	0.66225
4235	0.66325
4236	0.662375
4237	0.6615625
4238	0.6615625
4239	0.6615625
4240	0.659625
4241	0.6603125
4242	0.66125
4243	0.6613125
4244	0.661375
4245	0.661125
4246	0.66325
4247	0.6630625
4248	0.6635625
4249	0.6631875
4250	0.6643125
4251	0.6645
4252	0.6625625
4253	0.662625
4254	0.663875
4255	0.6635625
4256	0.6633125
4257	0.663125
4258	0.66325
4259	0.6640625
4260	0.661875
4261	0.662625
4262	0.662375
4263	0.662375
4264	0.66175
4265	0.66125
4266	0.662125
4267	0.661
4268	0.661125
4269	0.659875
4270	0.660625
4271	0.661125
4272	0.6605625
4273	0.66075
4274	0.66175
4275	0.6609375
4276	0.6609375
4277	0.6608125
4278	0.6613125
4279	0.6615625
4280	0.661375
4281	0.661875
4282	0.662125
4283	0.6621875
4284	0.6630625
4285	0.6615625
4286	0.661625
4287	0.661875
4288	0.66175
4289	0.6624375
4290	0.662375
4291	0.662875
4292	0.6633125
4293	0.6645
4294	0.66275
4295	0.6608125
4296	0.6614375
4297	0.660375
4298	0.6609375
4299	0.661375
4300	0.660375
4301	0.6625
4302	0.6614375
4303	0.660625
4304	0.661625
4305	0.6625625
4306	0.6631875
4307	0.6623125
4308	0.6634375
4309	0.6633125
4310	0.6619375
4311	0.6616875
4312	0.6616875
4313	0.662875
4314	0.664375
4315	0.6625
4316	0.663125
4317	0.6600625
4318	0.66025
4319	0.6603125
4320	0.6618125
4321	0.6625625
4322	0.6635
4323	0.6643125
4324	0.6625
4325	0.664125
4326	0.663375
4327	0.6631875
4328	0.6655
4329	0.665125
4330	0.663375
4331	0.6650625
4332	0.6681875
4333	0.666375
4334	0.6666875
4335	0.66825
4336	0.66775
4337	0.6681875
4338	0.6669375
4339	0.666625
4340	0.6676875
4341	0.668
4342	0.66725
4343	0.6669375
4344	0.6674375
4345	0.6665625
4346	0.6675
4347	0.6680625
4348	0.6686875
4349	0.66975
4350	0.67
4351	0.6695
4352	0.668125
4353	0.6695625
4354	0.66925
4355	0.6708125
4356	0.6706875
4357	0.6718125
4358	0.670875
4359	0.6711875
4360	0.669
4361	0.670375
4362	0.6705
4363	0.6705625
4364	0.6714375
4365	0.6718125
4366	0.67275
4367	0.6719375
4368	0.6718125
4369	0.6703125
4370	0.6714375
4371	0.6675625
4372	0.66975
4373	0.671125
4374	0.670375
4375	0.67025
4376	0.6703125
4377	0.6705625
4378	0.6709375
4379	0.670625
4380	0.6696875
4381	0.6691875
4382	0.6660625
4383	0.6663125
4384	0.6680625
4385	0.66725
4386	0.666375
4387	0.667125
4388	0.66725
4389	0.66825
4390	0.668
4391	0.6675625
4392	0.6685625
4393	0.6701875
4394	0.667875
4395	0.6676875
4396	0.66775
4397	0.668
4398	0.66775
4399	0.6673125
4400	0.666625
4401	0.66775
4402	0.66775
4403	0.6681875
4404	0.668375
4405	0.668625
4406	0.66875
4407	0.67025
4408	0.670625
4409	0.67175
4410	0.671625
4411	0.6715
4412	0.669375
4413	0.6676875
4414	0.6681875
4415	0.667375
4416	0.668125
4417	0.6675625
4418	0.665875
4419	0.666625
4420	0.666125
4421	0.6649375
4422	0.6660625
4423	0.6655
4424	0.6645625
4425	0.6648125
4426	0.665125
4427	0.6655625
4428	0.6664375
4429	0.6665625
4430	0.667
4431	0.666875
4432	0.66625
4433	0.6675
4434	0.6681875
4435	0.66875
4436	0.669625
4437	0.6683125
4438	0.66925
4439	0.6664375
4440	0.6664375
4441	0.6678125
4442	0.6663125
4443	0.6640625
4444	0.663375
4445	0.66525
4446	0.6646875
4447	0.6635625
4448	0.664625
4449	0.6658125
4450	0.6655625
4451	0.66625
4452	0.6669375
4453	0.6654375
4454	0.6651875
4455	0.664375
4456	0.6644375
4457	0.6654375
4458	0.6650625
4459	0.6655
4460	0.6655625
4461	0.664625
4462	0.66375
4463	0.6654375
4464	0.6661875
4465	0.6681875
4466	0.67075
4467	0.6694375
4468	0.668
4469	0.668
4470	0.6691875
4471	0.6675
4472	0.6684375
4473	0.6690625
4474	0.669875
4475	0.66975
4476	0.67025
4477	0.67
4478	0.67
4479	0.6693125
4480	0.669
4481	0.66925
4482	0.6703125
4483	0.6704375
4484	0.671125
4485	0.6695625
4486	0.6693125
4487	0.669125
4488	0.670375
4489	0.67025
4490	0.67025
4491	0.6696875
4492	0.6700625
4493	0.6690625
4494	0.66875
4495	0.6710625
4496	0.6715625
4497	0.67175
4498	0.6715625
4499	0.6700625
4500	0.6705
4501	0.6696875
4502	0.6689375
4503	0.6684375
4504	0.6690625
4505	0.6703125
4506	0.67
4507	0.6695625
4508	0.671125
4509	0.6730625
4510	0.67075
4511	0.6703125
4512	0.671125
4513	0.671375
4514	0.6725
4515	0.67225
4516	0.6716875
4517	0.671875
4518	0.6695625
4519	0.6718125
4520	0.6726875
4521	0.6726875
4522	0.675875
4523	0.6749375
4524	0.6736875
4525	0.672875
4526	0.673375
4527	0.6745
4528	0.674125
4529	0.6746875
4530	0.6756875
4531	0.675375
4532	0.6756875
4533	0.675125
4534	0.6766875
4535	0.67725
4536	0.67525
4537	0.6755625
4538	0.675625
4539	0.675625
4540	0.676625
4541	0.6751875
4542	0.6746875
4543	0.674375
4544	0.6756875
4545	0.675125
4546	0.6748125
4547	0.674875
4548	0.6741875
4549	0.67325
4550	0.672
4551	0.672875
4552	0.67275
4553	0.6726875
4554	0.670125
4555	0.6689375
4556	0.6695
4557	0.671
4558	0.67
4559	0.669875
4560	0.669375
4561	0.6705625
4562	0.66975
4563	0.6710625
4564	0.6718125
4565	0.673875
4566	0.673625
4567	0.6745
4568	0.67425
4569	0.6749375
4570	0.67825
4571	0.678125
4572	0.67925
4573	0.67825
4574	0.6784375
4575	0.6776875
4576	0.6776875
4577	0.679375
4578	0.67925
4579	0.678625
4580	0.679375
4581	0.67775
4582	0.678375
4583	0.678
4584	0.6793125
4585	0.68
4586	0.6815625
4587	0.6824375
4588	0.681
4589	0.68175
4590	0.6814375
4591	0.68175
4592	0.67975
4593	0.6800625
4594	0.6801875
4595	0.6796875
4596	0.681
4597	0.68075
4598	0.680125
4599	0.6786875
4600	0.6770625
4601	0.6795625
4602	0.677125
4603	0.676875
4604	0.6775625
4605	0.679
4606	0.678875
4607	0.6803125
4608	0.677875
4609	0.6781875
4610	0.6781875
4611	0.6799375
4612	0.68025
4613	0.679625
4614	0.6815
4615	0.68075
4616	0.681
4617	0.6808125
4618	0.6803125
4619	0.681375
4620	0.6815625
4621	0.6811875
4622	0.6818125
4623	0.68075
4624	0.6825625
4625	0.681375
4626	0.6816875
4627	0.6829375
4628	0.6860625
4629	0.6861875
4630	0.6855
4631	0.686125
4632	0.6833125
4633	0.6843125
4634	0.6828125
4635	0.682375
4636	0.6833125
4637	0.6819375
4638	0.6814375
4639	0.6823125
4640	0.6833125
4641	0.683625
4642	0.6829375
4643	0.6805625
4644	0.68
4645	0.6789375
4646	0.6809375
4647	0.6810625
4648	0.68175
4649	0.68
4650	0.6805625
4651	0.679875
4652	0.6808125
4653	0.68225
4654	0.6819375
4655	0.682
4656	0.6826875
4657	0.682125
4658	0.684375
4659	0.68275
4660	0.682
4661	0.6838125
4662	0.6834375
4663	0.683875
4664	0.6834375
4665	0.6846875
4666	0.6821875
4667	0.6824375
4668	0.68125
4669	0.6810625
4670	0.6809375
4671	0.682875
4672	0.6821875
4673	0.68125
4674	0.6821875
4675	0.6830625
4676	0.683625
4677	0.685875
4678	0.6846875
4679	0.6839375
4680	0.68425
4681	0.6836875
4682	0.683375
4683	0.6840625
4684	0.68425
4685	0.6835625
4686	0.68125
4687	0.6818125
4688	0.682625
4689	0.68075
4690	0.6821875
4691	0.683125
4692	0.68325
4693	0.68275
4694	0.683875
4695	0.684875
4696	0.684
4697	0.684
4698	0.6833125
4699	0.6830625
4700	0.6825625
4701	0.6805625
4702	0.6804375
4703	0.681375
4704	0.681625
4705	0.680125
4706	0.6814375
4707	0.6825
4708	0.68175
4709	0.682125
4710	0.683375
4711	0.681875
4712	0.68225
4713	0.68225
4714	0.68375
4715	0.6825625
4716	0.681375
4717	0.6825625
4718	0.68125
4719	0.680875
4720	0.682375
4721	0.682375
4722	0.6834375
4723	0.683125
4724	0.6825625
4725	0.6826875
4726	0.683125
4727	0.6839375
4728	0.683875
4729	0.6855625
4730	0.6851875
4731	0.682625
4732	0.683125
4733	0.6833125
4734	0.683375
4735	0.6839375
4736	0.6840625
4737	0.683875
4738	0.686
4739	0.686125
4740	0.68475
4741	0.68525
4742	0.6871875
4743	0.6875625
4744	0.6886875
4745	0.688125
4746	0.6880625
4747	0.688625
4748	0.688
4749	0.688125
4750	0.68625
4751	0.6866875
4752	0.6865625
4753	0.6873125
4754	0.6879375
4755	0.6889375
4756	0.6886875
4757	0.688
4758	0.6878125
4759	0.68775
4760	0.6899375
4761	0.691375
4762	0.690375
4763	0.6883125
4764	0.6885625
4765	0.6899375
4766	0.688375
4767	0.687875
4768	0.687875
4769	0.6871875
4770	0.685375
4771	0.68625
4772	0.687
4773	0.6875625
4774	0.6881875
4775	0.68775
4776	0.686875
4777	0.6880625
4778	0.6873125
4779	0.6874375
4780	0.687625
4781	0.68675
4782	0.6871875
4783	0.68725
4784	0.686125
4785	0.6861875
4786	0.685625
4787	0.685875
4788	0.68675
4789	0.6860625
4790	0.6866875
4791	0.687875
4792	0.68675
4793	0.6864375
4794	0.6871875
4795	0.6884375
4796	0.6880625
4797	0.6891875
4798	0.6899375
4799	0.689375
4800	0.6898125
4801	0.6890625
4802	0.6893125
4803	0.6875625
4804	0.6873125
4805	0.6876875
4806	0.687375
4807	0.6883125
4808	0.6864375
4809	0.6875
4810	0.6885625
4811	0.68775
4812	0.688
4813	0.68775
4814	0.688375
4815	0.6890625
4816	0.69075
4817	0.6925625
4818	0.6923125
4819	0.6916875
4820	0.6908125
4821	0.6909375
4822	0.690875
4823	0.691
4824	0.6921875
4825	0.6906875
4826	0.6915
4827	0.690375
4828	0.689625
4829	0.690125
4830	0.690625
4831	0.6905625
4832	0.6896875
4833	0.688625
4834	0.6893125
4835	0.68925
4836	0.691875
4837	0.6923125
4838	0.6934375
4839	0.6918125
4840	0.691875
4841	0.692
4842	0.690875
4843	0.69075
4844	0.691
4845	0.6915
4846	0.6915
4847	0.69125
4848	0.69
4849	0.6891875
4850	0.688875
4851	0.6886875
4852	0.6885
4853	0.68775
4854	0.6874375
4855	0.6878125
4856	0.6885625
4857	0.689125
4858	0.68925
4859	0.6881875
4860	0.6884375
4861	0.6890625
4862	0.6880625
4863	0.68925
4864	0.6904375
4865	0.69075
4866	0.6919375
4867	0.6921875
4868	0.6939375
4869	0.692625
4870	0.691
4871	0.6908125
4872	0.6909375
4873	0.692
4874	0.6916875
4875	0.6895
4876	0.6891875
4877	0.6893125
4878	0.690125
4879	0.6898125
4880	0.6915
4881	0.69325
4882	0.6925
4883	0.692375
4884	0.690125
4885	0.689875
4886	0.6904375
4887	0.6890625
4888	0.688125
4889	0.6891875
4890	0.68875
4891	0.6884375
4892	0.6881875
4893	0.6889375
4894	0.6903125
4895	0.6898125
4896	0.68875
4897	0.687625
4898	0.689875
4899	0.68875
4900	0.6878125
4901	0.6868125
4902	0.68675
4903	0.6875625
4904	0.6875625
4905	0.687625
4906	0.6880625
4907	0.6889375
4908	0.6895625
4909	0.6883125
4910	0.688
4911	0.6889375
4912	0.6893125
4913	0.687875
4914	0.6889375
4915	0.6883125
4916	0.688625
4917	0.689125
4918	0.68875
4919	0.691
4920	0.691375
4921	0.691875
4922	0.6914375
4923	0.691375
4924	0.6893125
4925	0.687625
4926	0.686625
4927	0.6856875
4928	0.6865
4929	0.6875625
4930	0.6870625
4931	0.68725
4932	0.6866875
4933	0.6864375
4934	0.6851875
4935	0.686375
4936	0.6870625
4937	0.6875625
4938	0.6863125
4939	0.68625
4940	0.688125
4941	0.68675
4942	0.687375
4943	0.688625
4944	0.6853125
4945	0.686125
4946	0.6874375
4947	0.68825
4948	0.6899375
4949	0.6883125
4950	0.6883125
4951	0.68875
4952	0.687875
4953	0.686
4954	0.688375
4955	0.68875
4956	0.689375
4957	0.6874375
4958	0.687875
4959	0.6868125
4960	0.6861875
4961	0.6863125
4962	0.686875
4963	0.6868125
4964	0.6868125
4965	0.6860625
4966	0.684375
4967	0.684125
4968	0.6858125
4969	0.68475
4970	0.6840625
4971	0.684375
4972	0.6845
4973	0.68425
4974	0.6855
4975	0.684625
4976	0.68475
4977	0.6855625
4978	0.6874375
4979	0.6880625
4980	0.68625
4981	0.6861875
4982	0.68425
4983	0.6850625
4984	0.685375
4985	0.68475
4986	0.68475
4987	0.6859375
4988	0.6879375
4989	0.6870625
4990	0.6868125
4991	0.687375
4992	0.6866875
4993	0.6864375
4994	0.685125
4995	0.684125
4996	0.684
4997	0.6856875
4998	0.686125
4999	0.6855625
